   1.0000000e-03   1.5003868e+00   7.7480592e-01   3.0082228e+01
   2.0000000e-03   1.5015521e+00   1.5570015e+00   3.0161881e+01
   3.0000000e-03   1.5035036e+00   2.3475549e+00   3.0238895e+01
   4.0000000e-03   1.5062503e+00   3.1474534e+00   3.0313196e+01
   5.0000000e-03   1.5098020e+00   3.9576997e+00   3.0384697e+01
   6.0000000e-03   1.5141695e+00   4.7793087e+00   3.0453302e+01
   7.0000000e-03   1.5193647e+00   5.6133033e+00   3.0518906e+01
   8.0000000e-03   1.5254006e+00   6.4607097e+00   3.0581389e+01
   9.0000000e-03   1.5322910e+00   7.3225525e+00   3.0640620e+01
   1.0000000e-02   1.5400508e+00   8.1998484e+00   3.0696460e+01
   1.1000000e-02   1.5486961e+00   9.0935997e+00   3.0748753e+01
   1.2000000e-02   1.5582438e+00   1.0004786e+01   3.0797335e+01
   1.3000000e-02   1.5687118e+00   1.0934358e+01   3.0842029e+01
   1.4000000e-02   1.5801190e+00   1.1883224e+01   3.0882648e+01
   1.5000000e-02   1.5924850e+00   1.2852243e+01   3.0918993e+01
   1.6000000e-02   1.6058304e+00   1.3842209e+01   3.0950855e+01
   1.7000000e-02   1.6201766e+00   1.4853841e+01   3.0978016e+01
   1.8000000e-02   1.6355456e+00   1.5887770e+01   3.1000251e+01
   1.9000000e-02   1.6519598e+00   1.6944518e+01   3.1017328e+01
   2.0000000e-02   1.6694430e+00   1.8024479e+01   3.1029042e+01
   2.1000000e-02   1.6880172e+00   1.9127932e+01   3.1035085e+01
   2.2000000e-02   1.7077066e+00   2.0254972e+01   3.1035254e+01
   2.3000000e-02   1.7285349e+00   2.1405527e+01   3.1029311e+01
   2.4000000e-02   1.7505254e+00   2.2579332e+01   3.1017026e+01
   2.5000000e-02   1.7737011e+00   2.3775909e+01   3.0998176e+01
   2.6000000e-02   1.7980845e+00   2.4994548e+01   3.0972554e+01
   2.7000000e-02   1.8236972e+00   2.6234294e+01   3.0939972e+01
   2.8000000e-02   1.8505597e+00   2.7493930e+01   3.0900263e+01
   2.9000000e-02   1.8786911e+00   2.8771965e+01   3.0853288e+01
   3.0000000e-02   1.9081091e+00   3.0066628e+01   3.0798941e+01
   3.1000000e-02   1.9388292e+00   3.1375860e+01   3.0737153e+01
   3.2000000e-02   1.9708648e+00   3.2697315e+01   3.0667897e+01
   3.3000000e-02   2.0042270e+00   3.4028362e+01   3.0591191e+01
   3.4000000e-02   2.0389238e+00   3.5366097e+01   3.0507105e+01
   3.5000000e-02   2.0749603e+00   3.6707358e+01   3.0415758e+01
   3.6000000e-02   2.1123385e+00   3.8048740e+01   3.0317326e+01
   3.7000000e-02   2.1510566e+00   3.9386627e+01   3.0212039e+01
   3.8000000e-02   2.1911093e+00   4.0717220e+01   3.0100184e+01
   3.9000000e-02   2.2324873e+00   4.2036568e+01   2.9982099e+01
   4.0000000e-02   2.2751773e+00   4.3340611e+01   2.9858173e+01
   4.1000000e-02   2.3191620e+00   4.4625218e+01   2.9728842e+01
   4.2000000e-02   2.3644198e+00   4.5886226e+01   2.9594581e+01
   4.3000000e-02   2.4109252e+00   4.7119486e+01   2.9455901e+01
   4.4000000e-02   2.4586482e+00   4.8320900e+01   2.9313338e+01
   4.5000000e-02   2.5075550e+00   4.9486460e+01   2.9167448e+01
   4.6000000e-02   2.5576079e+00   5.0612282e+01   2.9018793e+01
   4.7000000e-02   2.6087651e+00   5.1694640e+01   2.8867938e+01
   4.8000000e-02   2.6609815e+00   5.2729986e+01   2.8715438e+01
   4.9000000e-02   2.7142083e+00   5.3714976e+01   2.8561831e+01
   5.0000000e-02   2.7683936e+00   5.4646483e+01   2.8407627e+01
   5.1000000e-02   2.8234824e+00   5.5521606e+01   2.8253304e+01
   5.2000000e-02   2.8794171e+00   5.6337679e+01   2.8099297e+01
   5.3000000e-02   2.9361373e+00   5.7092266e+01   2.7945995e+01
   5.4000000e-02   2.9935804e+00   5.7783165e+01   2.7793733e+01
   5.5000000e-02   3.0516818e+00   5.8408393e+01   2.7642789e+01
   5.6000000e-02   3.1103747e+00   5.8966183e+01   2.7493382e+01
   5.7000000e-02   3.1695911e+00   5.9454968e+01   2.7345666e+01
   5.8000000e-02   3.2292612e+00   5.9873373e+01   2.7199731e+01
   5.9000000e-02   3.2893140e+00   6.0220198e+01   2.7055600e+01
   6.0000000e-02   3.3496774e+00   6.0494409e+01   2.6913230e+01
   6.1000000e-02   3.4102784e+00   6.0695123e+01   2.6772509e+01
   6.2000000e-02   3.4710429e+00   6.0821598e+01   2.6633263e+01
   6.3000000e-02   3.5318966e+00   6.0873225e+01   2.6495247e+01
   6.4000000e-02   3.5927643e+00   6.0849518e+01   2.6358155e+01
   6.5000000e-02   3.6535704e+00   6.0750112e+01   2.6221616e+01
   6.6000000e-02   3.7142392e+00   6.0574760e+01   2.6085195e+01
   6.7000000e-02   3.7746946e+00   6.0323333e+01   2.5948399e+01
   6.8000000e-02   3.8348605e+00   5.9995822e+01   2.5810674e+01
   6.9000000e-02   3.8946609e+00   5.9592346e+01   2.5671409e+01
   7.0000000e-02   3.9540200e+00   5.9113158e+01   2.5529936e+01
   7.1000000e-02   4.0128621e+00   5.8558659e+01   2.5385536e+01
   7.2000000e-02   4.0711124e+00   5.7929411e+01   2.5237438e+01
   7.3000000e-02   4.1286963e+00   5.7226154e+01   2.5084824e+01
   7.4000000e-02   4.1855403e+00   5.6449824e+01   2.4926832e+01
   7.5000000e-02   4.2415720e+00   5.5601575e+01   2.4762561e+01
   7.6000000e-02   4.2967200e+00   5.4682801e+01   2.4591075e+01
   7.7000000e-02   4.3509146e+00   5.3695158e+01   2.4411412e+01
   7.8000000e-02   4.4040880e+00   5.2640590e+01   2.4222586e+01
   7.9000000e-02   4.4561743e+00   5.1521351e+01   2.4023603e+01
   8.0000000e-02   4.5071100e+00   5.0340026e+01   2.3813462e+01
   8.1000000e-02   4.5568346e+00   4.9099555e+01   2.3591174e+01
   8.2000000e-02   4.6052905e+00   4.7803245e+01   2.3355770e+01
   8.3000000e-02   4.6524237e+00   4.6454786e+01   2.3106317e+01
   8.4000000e-02   4.6981841e+00   4.5058257e+01   2.2841930e+01
   8.5000000e-02   4.7425257e+00   4.3618124e+01   2.2561795e+01
   8.6000000e-02   4.7854074e+00   4.2139236e+01   2.2265176e+01
   8.7000000e-02   4.8267930e+00   4.0626805e+01   2.1951443e+01
   8.8000000e-02   4.8666517e+00   3.9086382e+01   2.1620082e+01
   8.9000000e-02   4.9049584e+00   3.7523817e+01   2.1270715e+01
   9.0000000e-02   4.9416941e+00   3.5945214e+01   2.0903116e+01
   9.1000000e-02   4.9768457e+00   3.4356875e+01   2.0517222e+01
   9.2000000e-02   5.0104067e+00   3.2770425e+01   2.0116340e+01
   9.3000000e-02   5.0423950e+00   3.1217451e+01   1.9717227e+01
   9.4000000e-02   5.0728715e+00   2.9734228e+01   1.9342630e+01
   9.5000000e-02   5.1018919e+00   2.8326945e+01   1.8998032e+01
   9.6000000e-02   5.1295487e+00   2.7000853e+01   1.8689996e+01
   9.7000000e-02   5.1559204e+00   2.5756404e+01   1.8422511e+01
   9.8000000e-02   5.1810871e+00   2.4590192e+01   1.8197606e+01
   9.9000000e-02   5.2051244e+00   2.3496088e+01   1.8015717e+01
   1.0000000e-01   5.2281004e+00   2.2466071e+01   1.7875996e+01
   1.0100000e-01   5.2500746e+00   2.1490925e+01   1.7776588e+01
   1.0200000e-01   5.2710970e+00   2.0560817e+01   1.7714878e+01
   1.0300000e-01   5.2912078e+00   1.9665753e+01   1.7687711e+01
   1.0400000e-01   5.3104369e+00   1.8795945e+01   1.7691576e+01
   1.0500000e-01   5.3288049e+00   1.7942088e+01   1.7722762e+01
   1.0600000e-01   5.3463235e+00   1.7095572e+01   1.7777490e+01
   1.0700000e-01   5.3629959e+00   1.6248631e+01   1.7852026e+01
   1.0800000e-01   5.3788180e+00   1.5394442e+01   1.7942771e+01
   1.0900000e-01   5.3937801e+00   1.4527177e+01   1.8046327e+01
   1.1000000e-01   5.4078663e+00   1.3642021e+01   1.8159563e+01
   1.1100000e-01   5.4210568e+00   1.2735151e+01   1.8279641e+01
   1.1200000e-01   5.4333284e+00   1.1803689e+01   1.8404047e+01
   1.1300000e-01   5.4446554e+00   1.0845634e+01   1.8530594e+01
   1.1400000e-01   5.4550104e+00   9.8597778e+00   1.8657419e+01
   1.1500000e-01   5.4643655e+00   8.8456136e+00   1.8782966e+01
   1.1600000e-01   5.4726922e+00   7.8032360e+00   1.8905960e+01
   1.1700000e-01   5.4799627e+00   6.7332489e+00   1.9025375e+01
   1.1800000e-01   5.4861499e+00   5.6366775e+00   1.9140397e+01
   1.1900000e-01   5.4912277e+00   4.5148910e+00   1.9250388e+01
   1.2000000e-01   5.4951718e+00   3.3695377e+00   1.9354847e+01
   1.2100000e-01   5.4979595e+00   2.2024930e+00   1.9453379e+01
   1.2200000e-01   5.4995702e+00   1.0158188e+00   1.9545665e+01
   1.2300000e-01   5.4999854e+00  -1.8826702e-01   1.9631446e+01
   1.2400000e-01   5.4991887e+00  -1.4074151e+00   1.9710508e+01
   1.2500000e-01   5.4971663e+00  -2.6391668e+00   1.9782685e+01
   1.2600000e-01   5.4939070e+00  -3.8809779e+00   1.9847855e+01
   1.2700000e-01   5.4894019e+00  -5.1302437e+00   1.9905948e+01
   1.2800000e-01   5.4836449e+00  -6.3843249e+00   1.9956944e+01
   1.2900000e-01   5.4766325e+00  -7.6405748e+00   2.0000873e+01
   1.3000000e-01   5.4683639e+00  -8.8963652e+00   2.0037817e+01
   1.3100000e-01   5.4588408e+00  -1.0149112e+01   2.0067903e+01
   1.3200000e-01   5.4480675e+00  -1.1396300e+01   2.0091307e+01
   1.3300000e-01   5.4360509e+00  -1.2635504e+01   2.0108247e+01
   1.3400000e-01   5.4228000e+00  -1.3864408e+01   2.0118980e+01
   1.3500000e-01   5.4083262e+00  -1.5080824e+01   2.0123796e+01
   1.3600000e-01   5.3926432e+00  -1.6282705e+01   2.0123018e+01
   1.3700000e-01   5.3757663e+00  -1.7468153e+01   2.0116995e+01
   1.3800000e-01   5.3577129e+00  -1.8635431e+01   2.0106093e+01
   1.3900000e-01   5.3385020e+00  -1.9782965e+01   2.0090698e+01
   1.4000000e-01   5.3181541e+00  -2.0909336e+01   2.0071169e+01
   1.4100000e-01   5.2966909e+00  -2.2013308e+01   2.0047981e+01
   1.4200000e-01   5.2741353e+00  -2.3093799e+01   2.0021504e+01
   1.4300000e-01   5.2505115e+00  -2.4149880e+01   1.9992142e+01
   1.4400000e-01   5.2258440e+00  -2.5180773e+01   1.9960296e+01
   1.4500000e-01   5.2001585e+00  -2.6185837e+01   1.9926359e+01
   1.4600000e-01   5.1734811e+00  -2.7164566e+01   1.9890714e+01
   1.4700000e-01   5.1458383e+00  -2.8116573e+01   1.9853735e+01
   1.4800000e-01   5.1172570e+00  -2.9041584e+01   1.9815780e+01
   1.4900000e-01   5.0877642e+00  -2.9939423e+01   1.9777195e+01
   1.5000000e-01   5.0573872e+00  -3.0810007e+01   1.9738308e+01
   1.5100000e-01   5.0261533e+00  -3.1653329e+01   1.9699433e+01
   1.5200000e-01   4.9940896e+00  -3.2469455e+01   1.9660869e+01
   1.5300000e-01   4.9612234e+00  -3.3258508e+01   1.9622895e+01
   1.5400000e-01   4.9275816e+00  -3.4020663e+01   1.9585777e+01
   1.5500000e-01   4.8931910e+00  -3.4756137e+01   1.9549766e+01
   1.5600000e-01   4.8580781e+00  -3.5465179e+01   1.9515094e+01
   1.5700000e-01   4.8222693e+00  -3.6148070e+01   1.9481981e+01
   1.5800000e-01   4.7857906e+00  -3.6805106e+01   1.9450633e+01
   1.5900000e-01   4.7486676e+00  -3.7436599e+01   1.9421242e+01
   1.6000000e-01   4.7109258e+00  -3.8042871e+01   1.9393988e+01
   1.6100000e-01   4.6725902e+00  -3.8624245e+01   1.9369038e+01
   1.6200000e-01   4.6336855e+00  -3.9181046e+01   1.9346549e+01
   1.6300000e-01   4.5942362e+00  -3.9713592e+01   1.9326669e+01
   1.6400000e-01   4.5542663e+00  -4.0222195e+01   1.9309534e+01
   1.6500000e-01   4.5137997e+00  -4.0707154e+01   1.9295274e+01
   1.6600000e-01   4.4728598e+00  -4.1168756e+01   1.9284009e+01
   1.6700000e-01   4.4314699e+00  -4.1607271e+01   1.9275852e+01
   1.6800000e-01   4.3896528e+00  -4.2022953e+01   1.9270911e+01
   1.6900000e-01   4.3474315e+00  -4.2416033e+01   1.9269286e+01
   1.7000000e-01   4.3048282e+00  -4.2786726e+01   1.9271073e+01
   1.7100000e-01   4.2618654e+00  -4.3135221e+01   1.9276361e+01
   1.7200000e-01   4.2185651e+00  -4.3461686e+01   1.9285236e+01
   1.7300000e-01   4.1749494e+00  -4.3766265e+01   1.9297780e+01
   1.7400000e-01   4.1310399e+00  -4.4049080e+01   1.9314069e+01
   1.7500000e-01   4.0868584e+00  -4.4310225e+01   1.9334179e+01
   1.7600000e-01   4.0424266e+00  -4.4549772e+01   1.9358178e+01
   1.7700000e-01   3.9977661e+00  -4.4767769e+01   1.9386134e+01
   1.7800000e-01   3.9528983e+00  -4.4964239e+01   1.9418110e+01
   1.7900000e-01   3.9078448e+00  -4.5139181e+01   1.9454167e+01
   1.8000000e-01   3.8626271e+00  -4.5292569e+01   1.9494363e+01
   1.8100000e-01   3.8172668e+00  -4.5424358e+01   1.9538752e+01
   1.8200000e-01   3.7717856e+00  -4.5534478e+01   1.9587384e+01
   1.8300000e-01   3.7262051e+00  -4.5622839e+01   1.9640306e+01
   1.8400000e-01   3.6805472e+00  -4.5689332e+01   1.9697563e+01
   1.8500000e-01   3.6348338e+00  -4.5733826e+01   1.9759192e+01
   1.8600000e-01   3.5890869e+00  -4.5756179e+01   1.9825230e+01
   1.8700000e-01   3.5433289e+00  -4.5756228e+01   1.9895706e+01
   1.8800000e-01   3.4975820e+00  -4.5733800e+01   1.9970645e+01
   1.8900000e-01   3.4518688e+00  -4.5688712e+01   2.0050066e+01
   1.9000000e-01   3.4062122e+00  -4.5620768e+01   2.0133982e+01
   1.9100000e-01   3.3606350e+00  -4.5529771e+01   2.0222399e+01
   1.9200000e-01   3.3151604e+00  -4.5415519e+01   2.0315314e+01
   1.9300000e-01   3.2698118e+00  -4.5277810e+01   2.0412718e+01
   1.9400000e-01   3.2246126e+00  -4.5116447e+01   2.0514593e+01
   1.9500000e-01   3.1795868e+00  -4.4931240e+01   2.0620911e+01
   1.9600000e-01   3.1347582e+00  -4.4722012e+01   2.0731632e+01
   1.9700000e-01   3.0901508e+00  -4.4488601e+01   2.0846709e+01
   1.9800000e-01   3.0457891e+00  -4.4230867e+01   2.0966080e+01
   1.9900000e-01   3.0016973e+00  -4.3948692e+01   2.1089674e+01
   2.0000000e-01   2.9578999e+00  -4.3641992e+01   2.1217405e+01
   2.0100000e-01   2.9144215e+00  -4.3310717e+01   2.1349175e+01
   2.0200000e-01   2.8712866e+00  -4.2954856e+01   2.1484872e+01
   2.0300000e-01   2.8285199e+00  -4.2574444e+01   2.1624372e+01
   2.0400000e-01   2.7861459e+00  -4.2169566e+01   2.1767535e+01
   2.0500000e-01   2.7441889e+00  -4.1740363e+01   2.1914208e+01
   2.0600000e-01   2.7026732e+00  -4.1287033e+01   2.2064224e+01
   2.0700000e-01   2.6616228e+00  -4.0809838e+01   2.2217402e+01
   2.0800000e-01   2.6210614e+00  -4.0309108e+01   2.2373550e+01
   2.0900000e-01   2.5810123e+00  -3.9785243e+01   2.2532460e+01
   2.1000000e-01   2.5414985e+00  -3.9238711e+01   2.2693917e+01
   2.1100000e-01   2.5025423e+00  -3.8670060e+01   2.2857691e+01
   2.1200000e-01   2.4641655e+00  -3.8079907e+01   2.3023545e+01
   2.1300000e-01   2.4263894e+00  -3.7468945e+01   2.3191235e+01
   2.1400000e-01   2.3892343e+00  -3.6837939e+01   2.3360507e+01
   2.1500000e-01   2.3527199e+00  -3.6187724e+01   2.3531105e+01
   2.1600000e-01   2.3168650e+00  -3.5519202e+01   2.3702770e+01
   2.1700000e-01   2.2816873e+00  -3.4833337e+01   2.3875240e+01
   2.1800000e-01   2.2472038e+00  -3.4131148e+01   2.4048255e+01
   2.1900000e-01   2.2134301e+00  -3.3413706e+01   2.4221557e+01
   2.2000000e-01   2.1803811e+00  -3.2682122e+01   2.4394893e+01
   2.2100000e-01   2.1480702e+00  -3.1937543e+01   2.4568014e+01
   2.2200000e-01   2.1165099e+00  -3.1181141e+01   2.4740682e+01
   2.2300000e-01   2.0857115e+00  -3.0414103e+01   2.4912667e+01
   2.2400000e-01   2.0556849e+00  -2.9637625e+01   2.5083750e+01
   2.2500000e-01   2.0264390e+00  -2.8852897e+01   2.5253724e+01
   2.2600000e-01   1.9979815e+00  -2.8061098e+01   2.5422395e+01
   2.2700000e-01   1.9703188e+00  -2.7263384e+01   2.5589584e+01
   2.2800000e-01   1.9434563e+00  -2.6460881e+01   2.5755126e+01
   2.2900000e-01   1.9173983e+00  -2.5654672e+01   2.5918871e+01
   2.3000000e-01   1.8921479e+00  -2.4845796e+01   2.6080684e+01
   2.3100000e-01   1.8677073e+00  -2.4035235e+01   2.6240447e+01
   2.3200000e-01   1.8440777e+00  -2.3223907e+01   2.6398054e+01
   2.3300000e-01   1.8212594e+00  -2.2412668e+01   2.6553416e+01
   2.3400000e-01   1.7992521e+00  -2.1602299e+01   2.6706456e+01
   2.3500000e-01   1.7780543e+00  -2.0793505e+01   2.6857113e+01
   2.3600000e-01   1.7576644e+00  -1.9986917e+01   2.7005335e+01
   2.3700000e-01   1.7380796e+00  -1.9183080e+01   2.7151085e+01
   2.3800000e-01   1.7192972e+00  -1.8382464e+01   2.7294333e+01
   2.3900000e-01   1.7013135e+00  -1.7585452e+01   2.7435062e+01
   2.4000000e-01   1.6841250e+00  -1.6792349e+01   2.7573262e+01
   2.4100000e-01   1.6677275e+00  -1.6003378e+01   2.7708928e+01
   2.4200000e-01   1.6521169e+00  -1.5218684e+01   2.7842065e+01
   2.4300000e-01   1.6372888e+00  -1.4438335e+01   2.7972681e+01
   2.4400000e-01   1.6232382e+00  -1.3662332e+01   2.8100793e+01
   2.4500000e-01   1.6099621e+00  -1.2890577e+01   2.8226408e+01
   2.4600000e-01   1.5974557e+00  -1.2122931e+01   2.8349548e+01
   2.4700000e-01   1.5857149e+00  -1.1359176e+01   2.8470234e+01
   2.4800000e-01   1.5747361e+00  -1.0599035e+01   2.8588486e+01
   2.4900000e-01   1.5645158e+00  -9.8421647e+00   2.8704322e+01
   2.5000000e-01   1.5550508e+00  -9.0881679e+00   2.8817763e+01
   2.5100000e-01   1.5463386e+00  -8.3365909e+00   2.8928824e+01
   2.5200000e-01   1.5383770e+00  -7.5869279e+00   2.9037521e+01
   2.5300000e-01   1.5311643e+00  -6.8386241e+00   2.9143864e+01
   2.5400000e-01   1.5246995e+00  -6.0910776e+00   2.9247862e+01
   2.5500000e-01   1.5189821e+00  -5.3436426e+00   2.9349517e+01
   2.5600000e-01   1.5140124e+00  -4.5956310e+00   2.9448830e+01
   2.5700000e-01   1.5097913e+00  -3.8463156e+00   2.9545793e+01
   2.5800000e-01   1.5063205e+00  -3.0949315e+00   2.9640396e+01
   2.5900000e-01   1.5036024e+00  -2.3406786e+00   2.9732620e+01
   2.6000000e-01   1.5016404e+00  -1.5827237e+00   2.9822442e+01
   2.6100000e-01   1.5004385e+00  -8.2020250e-01   2.9909830e+01
   2.6200000e-01   1.5000018e+00  -5.2221542e-02   2.9994747e+01
   2.6300000e-01   1.5003362e+00   7.2213946e-01   3.0077147e+01
   2.6400000e-01   1.5014485e+00   1.5038254e+00   3.0156977e+01
   2.6500000e-01   1.5033466e+00   2.2938033e+00   3.0234172e+01
   2.6600000e-01   1.5060392e+00   3.0930590e+00   3.0308658e+01
   2.6700000e-01   1.5095361e+00   3.9025945e+00   3.0380351e+01
   2.6800000e-01   1.5138481e+00   4.7234241e+00   3.0449155e+01
   2.6900000e-01   1.5189871e+00   5.5565702e+00   3.0514965e+01
   2.7000000e-01   1.5249657e+00   6.4030591e+00   3.0577662e+01
   2.7100000e-01   1.5317980e+00   7.2639156e+00   3.0637117e+01
   2.7200000e-01   1.5394987e+00   8.1401573e+00   3.0693190e+01
   2.7300000e-01   1.5480838e+00   9.0327876e+00   3.0745727e+01
   2.7400000e-01   1.5575701e+00   9.9427887e+00   3.0794564e+01
   2.7500000e-01   1.5679754e+00   1.0871112e+01   3.0839526e+01
   2.7600000e-01   1.5793187e+00   1.1818671e+01   3.0880425e+01
   2.7700000e-01   1.5916195e+00   1.2786326e+01   3.0917064e+01
   2.7800000e-01   1.6048983e+00   1.3774878e+01   3.0949234e+01
   2.7900000e-01   1.6191764e+00   1.4785051e+01   3.0976719e+01
   2.8000000e-01   1.6344758e+00   1.5817482e+01   3.0999292e+01
   2.8100000e-01   1.6508190e+00   1.6872701e+01   3.1016723e+01
   2.8200000e-01   1.6682290e+00   1.7951118e+01   3.1028774e+01
   2.8300000e-01   1.6867297e+00   1.9052999e+01   3.1035233e+01
   2.8400000e-01   1.7063434e+00   2.0178474e+01   3.1035804e+01
   2.8500000e-01   1.7270944e+00   2.1327476e+01   3.1030279e+01
   2.8600000e-01   1.7490060e+00   2.2499753e+01   3.1018425e+01
   2.8700000e-01   1.7721014e+00   2.3694842e+01   3.1000022e+01
   2.8800000e-01   1.7964030e+00   2.4912049e+01   3.0974861e+01
   2.8900000e-01   1.8219325e+00   2.6150435e+01   3.0942751e+01
   2.9000000e-01   1.8487105e+00   2.7408802e+01   3.0903524e+01
   2.9100000e-01   1.8767563e+00   2.8685679e+01   3.0857040e+01
   2.9200000e-01   1.9060874e+00   2.9979312e+01   3.0803189e+01
   2.9300000e-01   1.9367198e+00   3.1287662e+01   3.0741901e+01
   2.9400000e-01   1.9686668e+00   3.2608402e+01   3.0673144e+01
   2.9500000e-01   2.0019398e+00   3.3938921e+01   3.0596935e+01
   2.9600000e-01   2.0365469e+00   3.5276332e+01   3.0513339e+01
   2.9700000e-01   2.0724937e+00   3.6617488e+01   3.0422472e+01
   2.9800000e-01   2.1097820e+00   3.7959002e+01   3.0324507e+01
   2.9900000e-01   2.1484106e+00   3.9297271e+01   3.0219670e+01
   3.0000000e-01   2.1883742e+00   4.0628505e+01   3.0108243e+01
   3.0100000e-01   2.2296639e+00   4.1948764e+01   2.9990561e+01
   3.0200000e-01   2.2722667e+00   4.3253993e+01   2.9867011e+01
   3.0300000e-01   2.3161655e+00   4.4540063e+01   2.9738025e+01
   3.0400000e-01   2.3613390e+00   4.5802815e+01   2.9604076e+01
   3.0500000e-01   2.4077619e+00   4.7038095e+01   2.9465673e+01
   3.0600000e-01   2.4554047e+00   4.8241801e+01   2.9323350e+01
   3.0700000e-01   2.5042336e+00   4.9409917e+01   2.9177662e+01
   3.0800000e-01   2.5542113e+00   5.0538552e+01   2.9029171e+01
   3.0900000e-01   2.6052963e+00   5.1623965e+01   2.8878443e+01
   3.1000000e-01   2.6574437e+00   5.2662598e+01   2.8726033e+01
   3.1100000e-01   2.7106048e+00   5.3651090e+01   2.8572480e+01
   3.1200000e-01   2.7647281e+00   5.4586301e+01   2.8418298e+01
   3.1300000e-01   2.8197587e+00   5.5465313e+01   2.8263965e+01
   3.1400000e-01   2.8756391e+00   5.6285445e+01   2.8109921e+01
   3.1500000e-01   2.9323091e+00   5.7044247e+01   2.7956558e+01
   3.1600000e-01   2.9897064e+00   5.7739499e+01   2.7804214e+01
   3.1700000e-01   3.0477663e+00   5.8369205e+01   2.7653172e+01
   3.1800000e-01   3.1064224e+00   5.8931582e+01   2.7503654e+01
   3.1900000e-01   3.1656065e+00   5.9425051e+01   2.7355819e+01
   3.2000000e-01   3.2252491e+00   5.9848225e+01   2.7209761e+01
   3.2100000e-01   3.2852791e+00   6.0199893e+01   2.7065508e+01
   3.2200000e-01   3.3456247e+00   6.0479009e+01   2.6923020e+01
   3.2300000e-01   3.4062127e+00   6.0684681e+01   2.6782193e+01
   3.2400000e-01   3.4669693e+00   6.0816157e+01   2.6642853e+01
   3.2500000e-01   3.5278201e+00   6.0872819e+01   2.6504763e+01
   3.2600000e-01   3.5886899e+00   6.0854175e+01   2.6367620e+01
   3.2700000e-01   3.6495032e+00   6.0759850e+01   2.6231056e+01
   3.2800000e-01   3.7101843e+00   6.0589590e+01   2.6094642e+01
   3.2900000e-01   3.7706570e+00   6.0343258e+01   2.5957888e+01
   3.3000000e-01   3.8308454e+00   6.0020837e+01   2.5820243e+01
   3.3100000e-01   3.8906734e+00   5.9622436e+01   2.5681102e+01
   3.3200000e-01   3.9500650e+00   5.9148299e+01   2.5539799e+01
   3.3300000e-01   4.0089449e+00   5.8598818e+01   2.5395619e+01
   3.3400000e-01   4.0672378e+00   5.7974543e+01   2.5247795e+01
   3.3500000e-01   4.1248693e+00   5.7276201e+01   2.5095511e+01
   3.3600000e-01   4.1817658e+00   5.6504715e+01   2.4937908e+01
   3.3700000e-01   4.2378547e+00   5.5661224e+01   2.4774087e+01
   3.3800000e-01   4.2930647e+00   5.4747103e+01   2.4603115e+01
   3.3900000e-01   4.3473259e+00   5.3763993e+01   2.4424031e+01
   3.4000000e-01   4.4005703e+00   5.2713815e+01   2.4235851e+01
   3.4100000e-01   4.4527319e+00   5.1598803e+01   2.4037580e+01
   3.4200000e-01   4.5037472e+00   5.0421521e+01   2.3828218e+01
   3.4300000e-01   4.5535552e+00   4.9184881e+01   2.3606774e+01
   3.4400000e-01   4.6020983e+00   4.7892168e+01   2.3372279e+01
   3.4500000e-01   4.6493221e+00   4.6547046e+01   2.3123794e+01
   3.4600000e-01   4.6951763e+00   4.5153566e+01   2.2860434e+01
   3.4700000e-01   4.7396146e+00   4.3716171e+01   2.2581377e+01
   3.4800000e-01   4.7825956e+00   4.2239684e+01   2.2285882e+01
   3.4900000e-01   4.8240827e+00   4.0729293e+01   2.1973312e+01
   3.5000000e-01   4.8640447e+00   3.9190528e+01   2.1643143e+01
   3.5100000e-01   4.9024563e+00   3.7629220e+01   2.1294989e+01
   3.5200000e-01   4.9392977e+00   3.6051460e+01   2.0928612e+01
   3.5300000e-01   4.9745558e+00   3.4463537e+01   2.0543939e+01
   3.5400000e-01   5.0082236e+00   3.2875922e+01   2.0143555e+01
   3.5500000e-01   5.0403143e+00   3.1318773e+01   1.9743137e+01
   3.5600000e-01   5.0708908e+00   2.9830798e+01   1.9366824e+01
   3.5700000e-01   5.1000049e+00   2.8418225e+01   1.9019986e+01
   3.5800000e-01   5.1277503e+00   2.7086657e+01   1.8709372e+01
   3.5900000e-01   5.1542050e+00   2.5836841e+01   1.8439109e+01
   3.6000000e-01   5.1794497e+00   2.4665581e+01   1.8211344e+01
   3.6100000e-01   5.2035600e+00   2.3566905e+01   1.8026611e+01
   3.6200000e-01   5.2266047e+00   2.2532893e+01   1.7884136e+01
   3.6300000e-01   5.2486440e+00   2.1554391e+01   1.7782123e+01
   3.6400000e-01   5.2697285e+00   2.0621588e+01   1.7718001e+01
   3.6500000e-01   5.2898990e+00   1.9724491e+01   1.7688646e+01
   3.6600000e-01   5.3091861e+00   1.8853288e+01   1.7690564e+01
   3.6700000e-01   5.3276110e+00   1.7998635e+01   1.7720052e+01
   3.6800000e-01   5.3451859e+00   1.7151869e+01   1.7773335e+01
   3.6900000e-01   5.3619148e+00   1.6305166e+01   1.7846669e+01
   3.7000000e-01   5.3777936e+00   1.5451637e+01   1.7936447e+01
   3.7100000e-01   5.3928134e+00   1.4585387e+01   1.8039254e+01
   3.7200000e-01   5.4069585e+00   1.3701535e+01   1.8151938e+01
   3.7300000e-01   5.4202093e+00   1.2796192e+01   1.8271645e+01
   3.7400000e-01   5.4325427e+00   1.1866419e+01   1.8395836e+01
   3.7500000e-01   5.4439333e+00   1.0910160e+01   1.8522303e+01
   3.7600000e-01   5.4543538e+00   9.9261573e+00   1.8649161e+01
   3.7700000e-01   5.4637762e+00   8.9138597e+00   1.8774836e+01
   3.7800000e-01   5.4721721e+00   7.8733253e+00   1.8898035e+01
   3.7900000e-01   5.4795136e+00   6.8051269e+00   1.9017715e+01
   3.8000000e-01   5.4857735e+00   5.7102644e+00   1.9133051e+01
   3.8100000e-01   5.4909257e+00   4.5900863e+00   1.9243392e+01
   3.8200000e-01   5.4949458e+00   3.4462244e+00   1.9348232e+01
   3.8300000e-01   5.4978109e+00   2.2805402e+00   1.9447167e+01
   3.8400000e-01   5.4995003e+00   1.0950844e+00   1.9539877e+01
   3.8500000e-01   5.4999952e+00  -1.0793463e-01   1.9626096e+01
   3.8600000e-01   5.4992793e+00  -1.3261753e+00   1.9705610e+01
   3.8700000e-01   5.4973386e+00  -2.5571857e+00   1.9778247e+01
   3.8800000e-01   5.4941615e+00  -3.7984262e+00   1.9843884e+01
   3.8900000e-01   5.4897392e+00  -5.0472954e+00   1.9902447e+01
   3.9000000e-01   5.4840653e+00  -6.3011555e+00   1.9953912e+01
   3.9100000e-01   5.4771361e+00  -7.5573591e+00   1.9998308e+01
   3.9200000e-01   5.4689507e+00  -8.8132761e+00   2.0035710e+01
   3.9300000e-01   5.4595105e+00  -1.0066319e+01   2.0066245e+01
   3.9400000e-01   5.4488198e+00  -1.1313966e+01   2.0090085e+01
   3.9500000e-01   5.4368852e+00  -1.2553787e+01   2.0107445e+01
   3.9600000e-01   5.4237156e+00  -1.3783457e+01   2.0118579e+01
   3.9700000e-01   5.4093224e+00  -1.5000780e+01   2.0123777e+01
   3.9800000e-01   5.3937189e+00  -1.6203697e+01   2.0123358e+01
   3.9900000e-01   5.3769204e+00  -1.7390302e+01   2.0117670e+01
   4.0000000e-01   5.3589443e+00  -1.8558847e+01   2.0107078e+01
   4.0100000e-01   5.3398093e+00  -1.9707746e+01   2.0091968e+01
   4.0200000e-01   5.3195358e+00  -2.0835571e+01   2.0072695e+01
   4.0300000e-01   5.2981457e+00  -2.1941072e+01   2.0049738e+01
   4.0400000e-01   5.2756616e+00  -2.3023159e+01   2.0023465e+01
   4.0500000e-01   5.2521075e+00  -2.4080893e+01   1.9994281e+01
   4.0600000e-01   5.2275082e+00  -2.5113485e+01   1.9962586e+01
   4.0700000e-01   5.2018891e+00  -2.6120286e+01   1.9928774e+01
   4.0800000e-01   5.1752764e+00  -2.7100781e+01   1.9893229e+01
   4.0900000e-01   5.1476965e+00  -2.8054575e+01   1.9856326e+01
   4.1000000e-01   5.1191763e+00  -2.8981387e+01   1.9818424e+01
   4.1100000e-01   5.0897428e+00  -2.9881036e+01   1.9779868e+01
   4.1200000e-01   5.0594233e+00  -3.0753432e+01   1.9740991e+01
   4.1300000e-01   5.0282450e+00  -3.1598565e+01   1.9702105e+01
   4.1400000e-01   4.9962352e+00  -3.2416494e+01   1.9663509e+01
   4.1500000e-01   4.9634210e+00  -3.3207339e+01   1.9625487e+01
   4.1600000e-01   4.9298295e+00  -3.3971274e+01   1.9588304e+01
   4.1700000e-01   4.8954874e+00  -3.4708510e+01   1.9552211e+01
   4.1800000e-01   4.8604213e+00  -3.5419299e+01   1.9517442e+01
   4.1900000e-01   4.8246575e+00  -3.6103915e+01   1.9484219e+01
   4.2000000e-01   4.7882221e+00  -3.6762656e+01   1.9452747e+01
   4.2100000e-01   4.7511407e+00  -3.7395833e+01   1.9423220e+01
   4.2200000e-01   4.7134388e+00  -3.8003767e+01   1.9395819e+01
   4.2300000e-01   4.6751415e+00  -3.8586782e+01   1.9370711e+01
   4.2400000e-01   4.6362735e+00  -3.9145201e+01   1.9348054e+01
   4.2500000e-01   4.5968592e+00  -3.9679344e+01   1.9327996e+01
   4.2600000e-01   4.5569228e+00  -4.0189523e+01   1.9310675e+01
   4.2700000e-01   4.5164880e+00  -4.0676039e+01   1.9296221e+01
   4.2800000e-01   4.4755785e+00  -4.1139179e+01   1.9284753e+01
   4.2900000e-01   4.4342174e+00  -4.1579215e+01   1.9276387e+01
   4.3000000e-01   4.3924277e+00  -4.1996400e+01   1.9271230e+01
   4.3100000e-01   4.3502321e+00  -4.2390969e+01   1.9269382e+01
   4.3200000e-01   4.3076532e+00  -4.2763137e+01   1.9270940e+01
   4.3300000e-01   4.2647132e+00  -4.3113094e+01   1.9275994e+01
   4.3400000e-01   4.2214344e+00  -4.3441011e+01   1.9284629e+01
   4.3500000e-01   4.1778385e+00  -4.3747034e+01   1.9296928e+01
   4.3600000e-01   4.1339475e+00  -4.4031283e+01   1.9312968e+01
   4.3700000e-01   4.0897832e+00  -4.4293858e+01   1.9332822e+01
   4.3800000e-01   4.0453670e+00  -4.4534830e+01   1.9356562e+01
   4.3900000e-01   4.0007207e+00  -4.4754250e+01   1.9384254e+01
   4.4000000e-01   3.9558657e+00  -4.4952141e+01   1.9415963e+01
   4.4100000e-01   3.9108236e+00  -4.5128504e+01   1.9451749e+01
   4.4200000e-01   3.8656159e+00  -4.5283317e+01   1.9491670e+01
   4.4300000e-01   3.8202642e+00  -4.5416533e+01   1.9535781e+01
   4.4400000e-01   3.7747900e+00  -4.5528086e+01   1.9584131e+01
   4.4500000e-01   3.7292152e+00  -4.5617885e+01   1.9636769e+01
   4.4600000e-01   3.6835616e+00  -4.5685824e+01   1.9693738e+01
   4.4700000e-01   3.6378509e+00  -4.5731774e+01   1.9755078e+01
   4.4800000e-01   3.5921054e+00  -4.5755591e+01   1.9820824e+01
   4.4900000e-01   3.5463472e+00  -4.5757115e+01   1.9891007e+01
   4.5000000e-01   3.5005987e+00  -4.5736175e+01   1.9965651e+01
   4.5100000e-01   3.4548824e+00  -4.5692585e+01   2.0044776e+01
   4.5200000e-01   3.4092211e+00  -4.5626153e+01   2.0128396e+01
   4.5300000e-01   3.3636378e+00  -4.5536681e+01   2.0216516e+01
   4.5400000e-01   3.3181555e+00  -4.5423966e+01   2.0309135e+01
   4.5500000e-01   3.2727976e+00  -4.5287808e+01   2.0406244e+01
   4.5600000e-01   3.2275878e+00  -4.5128008e+01   2.0507825e+01
   4.5700000e-01   3.1825496e+00  -4.4944377e+01   2.0613851e+01
   4.5800000e-01   3.1377070e+00  -4.4736735e+01   2.0724284e+01
   4.5900000e-01   3.0930842e+00  -4.4504920e+01   2.0839076e+01
   4.6000000e-01   3.0487053e+00  -4.4248789e+01   2.0958167e+01
   4.6100000e-01   3.0045947e+00  -4.3968226e+01   2.1081485e+01
   4.6200000e-01   2.9607770e+00  -4.3663141e+01   2.1208947e+01
   4.6300000e-01   2.9172766e+00  -4.3333482e+01   2.1340455e+01
   4.6400000e-01   2.8741182e+00  -4.2979237e+01   2.1475898e+01
   4.6500000e-01   2.8313263e+00  -4.2600437e+01   2.1615152e+01
   4.6600000e-01   2.7889255e+00  -4.2197164e+01   2.1758078e+01
   4.6700000e-01   2.7469401e+00  -4.1769553e+01   2.1904526e+01
   4.6800000e-01   2.7053945e+00  -4.1317801e+01   2.2054327e+01
   4.6900000e-01   2.6643125e+00  -4.0842165e+01   2.2207304e+01
   4.7000000e-01   2.6237180e+00  -4.0342969e+01   2.2363263e+01
   4.7100000e-01   2.5836343e+00  -3.9820609e+01   2.2521999e+01
   4.7200000e-01   2.5440843e+00  -3.9275550e+01   2.2683295e+01
   4.7300000e-01   2.5050906e+00  -3.8708332e+01   2.2846925e+01
   4.7400000e-01   2.4666749e+00  -3.8119569e+01   2.3012650e+01
   4.7500000e-01   2.4288584e+00  -3.7509949e+01   2.3180227e+01
   4.7600000e-01   2.3916617e+00  -3.6880233e+01   2.3349404e+01
   4.7700000e-01   2.3551044e+00  -3.6231251e+01   2.3519924e+01
   4.7800000e-01   2.3192053e+00  -3.5563900e+01   2.3691527e+01
   4.7900000e-01   2.2839824e+00  -3.4879140e+01   2.3863953e+01
   4.8000000e-01   2.2494525e+00  -3.4177987e+01   2.4036941e+01
   4.8100000e-01   2.2156315e+00  -3.3461510e+01   2.4210233e+01
   4.8200000e-01   2.1825342e+00  -3.2730816e+01   2.4383574e+01
   4.8300000e-01   2.1501742e+00  -3.1987050e+01   2.4556718e+01
   4.8400000e-01   2.1185641e+00  -3.1231384e+01   2.4729424e+01
   4.8500000e-01   2.0877151e+00  -3.0465003e+01   2.4901462e+01
   4.8600000e-01   2.0576373e+00  -2.9689103e+01   2.5072611e+01
   4.8700000e-01   2.0283396e+00  -2.8904876e+01   2.5242665e+01
   4.8800000e-01   1.9998299e+00  -2.8113500e+01   2.5411428e+01
   4.8900000e-01   1.9721146e+00  -2.7316135e+01   2.5578720e+01
   4.9000000e-01   1.9451993e+00  -2.6513907e+01   2.5744376e+01
   4.9100000e-01   1.9190881e+00  -2.5707903e+01   2.5908244e+01
   4.9200000e-01   1.8937844e+00  -2.4899166e+01   2.6070189e+01
   4.9300000e-01   1.8692904e+00  -2.4088680e+01   2.6230090e+01
   4.9400000e-01   1.8456073e+00  -2.3277370e+01   2.6387843e+01
   4.9500000e-01   1.8227356e+00  -2.2466094e+01   2.6543355e+01
   4.9600000e-01   1.8006749e+00  -2.1655639e+01   2.6696551e+01
   4.9700000e-01   1.7794239e+00  -2.0846716e+01   2.6847367e+01
   4.9800000e-01   1.7589808e+00  -2.0039959e+01   2.6995751e+01
   4.9900000e-01   1.7393431e+00  -1.9235921e+01   2.7141665e+01
   5.0000000e-01   1.7205079e+00  -1.8435074e+01   2.7285079e+01
   5.0100000e-01   1.7024718e+00  -1.7637809e+01   2.7425975e+01
   5.0200000e-01   1.6852310e+00  -1.6844436e+01   2.7564341e+01
   5.0300000e-01   1.6687816e+00  -1.6055183e+01   2.7700174e+01
   5.0400000e-01   1.6531193e+00  -1.5270199e+01   2.7833477e+01
   5.0500000e-01   1.6382398e+00  -1.4489559e+01   2.7964259e+01
   5.0600000e-01   1.6241382e+00  -1.3713266e+01   2.8092536e+01
   5.0700000e-01   1.6108113e+00  -1.2941231e+01   2.8218314e+01
   5.0800000e-01   1.5982543e+00  -1.2173315e+01   2.8341617e+01
   5.0900000e-01   1.5864633e+00  -1.1409308e+01   2.8462464e+01
   5.1000000e-01   1.5754345e+00  -1.0648934e+01   2.8580875e+01
   5.1100000e-01   1.5651644e+00  -9.8918552e+00   2.8696870e+01
   5.1200000e-01   1.5556498e+00  -9.1376781e+00   2.8810468e+01
   5.1300000e-01   1.5468882e+00  -8.3859522e+00   2.8921686e+01
   5.1400000e-01   1.5388773e+00  -7.6361753e+00   2.9030537e+01
   5.1500000e-01   1.5316154e+00  -6.8877954e+00   2.9137035e+01
   5.1600000e-01   1.5251014e+00  -6.1402140e+00   2.9241187e+01
   5.1700000e-01   1.5193349e+00  -5.3927877e+00   2.9342996e+01
   5.1800000e-01   1.5143160e+00  -4.6448314e+00   2.9442463e+01
   5.1900000e-01   1.5100457e+00  -3.8956202e+00   2.9539581e+01
   5.2000000e-01   1.5065255e+00  -3.1443917e+00   2.9634339e+01
   5.2100000e-01   1.5037578e+00  -2.3903481e+00   2.9726721e+01
   5.2200000e-01   1.5017460e+00  -1.6326582e+00   2.9816701e+01
   5.2300000e-01   1.5004940e+00  -8.7045969e-01   2.9904250e+01
   5.2400000e-01   1.5000069e+00  -1.0286097e-01   2.9989331e+01
   5.2500000e-01   1.5002904e+00   6.7105658e-01   3.0071898e+01
   5.2600000e-01   1.5013514e+00   1.4522363e+00   3.0151898e+01
   5.2700000e-01   1.5031976e+00   2.2416439e+00   3.0229268e+01
   5.2800000e-01   1.5058378e+00   3.0402640e+00   3.0303935e+01
   5.2900000e-01   1.5092816e+00   3.8490978e+00   3.0375814e+01
   5.3000000e-01   1.5135397e+00   4.6691587e+00   3.0444811e+01
   5.3100000e-01   1.5186240e+00   5.5014690e+00   3.0510821e+01
   5.3200000e-01   1.5245471e+00   6.3470547e+00   3.0573726e+01
   5.3300000e-01   1.5313228e+00   7.2069409e+00   3.0633399e+01
   5.3400000e-01   1.5389660e+00   8.0821459e+00   3.0689698e+01
   5.3500000e-01   1.5474926e+00   8.9736744e+00   3.0742472e+01
   5.3600000e-01   1.5569192e+00   9.8825100e+00   3.0791557e+01
   5.3700000e-01   1.5672637e+00   1.0809607e+01   3.0836779e+01
   5.3800000e-01   1.5785448e+00   1.1755880e+01   3.0877950e+01
   5.3900000e-01   1.5907821e+00   1.2722196e+01   3.0914875e+01
   5.4000000e-01   1.6039961e+00   1.3709358e+01   3.0947345e+01
   5.4100000e-01   1.6182080e+00   1.4718096e+01   3.0975143e+01
   5.4200000e-01   1.6334397e+00   1.5749053e+01   3.0998046e+01
   5.4300000e-01   1.6497137e+00   1.6802768e+01   3.1015821e+01
   5.4400000e-01   1.6670530e+00   1.7879657e+01   3.1028232e+01
   5.4500000e-01   1.6854814e+00   1.8979998e+01   3.1035068e+01
   5.4600000e-01   1.7050214e+00   2.0103930e+01   3.1036030e+01
   5.4700000e-01   1.7256971e+00   2.1251399e+01   3.1030912e+01
   5.4800000e-01   1.7475319e+00   2.2422166e+01   3.1019480e+01
   5.4900000e-01   1.7705490e+00   2.3615782e+01   3.1001513e+01
   5.5000000e-01   1.7947708e+00   2.4831569e+01   3.0976801e+01
   5.5100000e-01   1.8202191e+00   2.6068605e+01   3.0945152e+01
   5.5200000e-01   1.8469146e+00   2.7325709e+01   3.0906396e+01
   5.5300000e-01   1.8748767e+00   2.8601428e+01   3.0860391e+01
   5.5400000e-01   1.9041231e+00   2.9894027e+01   3.0807026e+01
   5.5500000e-01   1.9346697e+00   3.1201486e+01   3.0746227e+01
   5.5600000e-01   1.9665302e+00   3.2521496e+01   3.0677959e+01
   5.5700000e-01   1.9997160e+00   3.3851465e+01   3.0602237e+01
   5.5800000e-01   2.0342355e+00   3.5188523e+01   3.0519122e+01
   5.5900000e-01   2.0700943e+00   3.6529541e+01   3.0428727e+01
   5.6000000e-01   2.1072947e+00   3.7871146e+01   3.0331220e+01
   5.6100000e-01   2.1458355e+00   3.9209748e+01   3.0226825e+01
   5.6200000e-01   2.1857119e+00   4.0541569e+01   3.0115820e+01
   5.6300000e-01   2.2269151e+00   4.1862677e+01   2.9998536e+01
   5.6400000e-01   2.2694323e+00   4.3169024e+01   2.9875358e+01
   5.6500000e-01   2.3132468e+00   4.4456485e+01   2.9746713e+01
   5.6600000e-01   2.3583376e+00   4.5720899e+01   2.9613074e+01
   5.6700000e-01   2.4046795e+00   4.6958113e+01   2.9474946e+01
   5.6800000e-01   2.4522434e+00   4.8164019e+01   2.9332862e+01
   5.6900000e-01   2.5009958e+00   4.9334596e+01   2.9187377e+01
   5.7000000e-01   2.5508995e+00   5.0465941e+01   2.9039052e+01
   5.7100000e-01   2.6019133e+00   5.1554305e+01   2.8888452e+01
   5.7200000e-01   2.6539926e+00   5.2596115e+01   2.8736135e+01
   5.7300000e-01   2.7070889e+00   5.3587999e+01   2.8582641e+01
   5.7400000e-01   2.7611509e+00   5.4526799e+01   2.8428484e+01
   5.7500000e-01   2.8161238e+00   5.5409586e+01   2.8274146e+01
   5.7600000e-01   2.8719505e+00   5.6233660e+01   2.8120070e+01
   5.7700000e-01   2.9285708e+00   5.6996557e+01   2.7966650e+01
   5.7800000e-01   2.9859224e+00   5.7696042e+01   2.7814230e+01
   5.7900000e-01   3.0439411e+00   5.8330105e+01   2.7663095e+01
   5.8000000e-01   3.1025603e+00   5.8896949e+01   2.7513471e+01
   5.8100000e-01   3.1617120e+00   5.9394983e+01   2.7365521e+01
   5.8200000e-01   3.2213268e+00   5.9822807e+01   2.7219345e+01
   5.8300000e-01   3.2813338e+00   6.0179198e+01   2.7074973e+01
   5.8400000e-01   3.3416611e+00   6.0463101e+01   2.6932372e+01
   5.8500000e-01   3.4022356e+00   6.0673613e+01   2.6791441e+01
   5.8600000e-01   3.4629836e+00   6.0809974e+01   2.6652010e+01
   5.8700000e-01   3.5238306e+00   6.0871557e+01   2.6513846e+01
   5.8800000e-01   3.5847016e+00   6.0857861e+01   2.6376651e+01
   5.8900000e-01   3.6455211e+00   6.0768506e+01   2.6240061e+01
   5.9000000e-01   3.7062133e+00   6.0603229e+01   2.6103652e+01
   5.9100000e-01   3.7667022e+00   6.0361884e+01   2.5966936e+01
   5.9200000e-01   3.8269118e+00   6.0044447e+01   2.5829368e+01
   5.9300000e-01   3.8867658e+00   5.9651018e+01   2.5690345e+01
   5.9400000e-01   3.9461885e+00   5.9181833e+01   2.5549205e+01
   5.9500000e-01   4.0051044e+00   5.8637273e+01   2.5405237e+01
   5.9600000e-01   4.0634381e+00   5.8017877e+01   2.5257676e+01
   5.9700000e-01   4.1211154e+00   5.7324360e+01   2.5105710e+01
   5.9800000e-01   4.1780625e+00   5.6557632e+01   2.4948483e+01
   5.9900000e-01   4.2342067e+00   5.5718816e+01   2.4785098e+01
   6.0000000e-01   4.2894765e+00   5.4809273e+01   2.4614625e+01
   6.0100000e-01   4.3438022e+00   5.3830624e+01   2.4436102e+01
   6.0200000e-01   4.3971154e+00   5.2784771e+01   2.4248549e+01
   6.0300000e-01   4.4493501e+00   5.1673928e+01   2.4050970e+01
   6.0400000e-01   4.5004424e+00   5.0500635e+01   2.3842365e+01
   6.0500000e-01   4.5503315e+00   4.9267783e+01   2.3621744e+01
   6.0600000e-01   4.5989592e+00   4.7978631e+01   2.3388133e+01
   6.0700000e-01   4.6462712e+00   4.6636816e+01   2.3140593e+01
   6.0800000e-01   4.6922167e+00   4.5246367e+01   2.2878234e+01
   6.0900000e-01   4.7367492e+00   4.3811699e+01   2.2600228e+01
   6.1000000e-01   4.7798270e+00   4.2337611e+01   2.2305832e+01
   6.1100000e-01   4.8214130e+00   4.0829268e+01   2.1994397e+01
   6.1200000e-01   4.8614759e+00   3.9292179e+01   2.1665395e+01
   6.1300000e-01   4.8999898e+00   3.7732157e+01   2.1318429e+01
   6.1400000e-01   4.9369347e+00   3.6155277e+01   2.0953250e+01
   6.1500000e-01   4.9722968e+00   3.4567816e+01   2.0569774e+01
   6.1600000e-01   5.0060689e+00   3.2979137e+01   2.0169894e+01
   6.1700000e-01   5.0382601e+00   3.1418005e+01   1.9768247e+01
   6.1800000e-01   5.0689344e+00   2.9925435e+01   1.9390274e+01
   6.1900000e-01   5.0981404e+00   2.8507713e+01   1.9041253e+01
   6.2000000e-01   5.1259725e+00   2.7170794e+01   1.8728110e+01
   6.2100000e-01   5.1525088e+00   2.5915715e+01   1.8455114e+01
   6.2200000e-01   5.1778298e+00   2.4739497e+01   1.8224526e+01
   6.2300000e-01   5.2020117e+00   2.3636321e+01   1.8036977e+01
   6.2400000e-01   5.2251239e+00   2.2598374e+01   1.7891770e+01
   6.2500000e-01   5.2472269e+00   2.1616562e+01   1.7787169e+01
   6.2600000e-01   5.2683722e+00   2.0681105e+01   1.7720646e+01
   6.2700000e-01   5.2886011e+00   1.9782008e+01   1.7689107e+01
   6.2800000e-01   5.3079450e+00   1.8909439e+01   1.7689078e+01
   6.2900000e-01   5.3264257e+00   1.8054015e+01   1.7716866e+01
   6.3000000e-01   5.3440558e+00   1.7207025e+01   1.7768695e+01
   6.3100000e-01   5.3608399e+00   1.6360586e+01   1.7840819e+01
   6.3200000e-01   5.3767745e+00   1.5507745e+01   1.7929618e+01
   6.3300000e-01   5.3918509e+00   1.4642542e+01   1.8031663e+01
   6.3400000e-01   5.4060538e+00   1.3760029e+01   1.8143785e+01
   6.3500000e-01   5.4193638e+00   1.2856253e+01   1.8263107e+01
   6.3600000e-01   5.4317582e+00   1.1928214e+01   1.8387071e+01
   6.3700000e-01   5.4432115e+00   1.0973802e+01   1.8513446e+01
   6.3800000e-01   5.4536966e+00   9.9917070e+00   1.8640328e+01
   6.3900000e-01   5.4631855e+00   8.9813355e+00   1.8766122e+01
   6.4000000e-01   5.4716498e+00   7.9427080e+00   1.8889516e+01
   6.4100000e-01   5.4790616e+00   6.8763661e+00   1.9009455e+01
   6.4200000e-01   5.4853936e+00   5.7832837e+00   1.9125097e+01
   6.4300000e-01   5.4906197e+00   4.6647884e+00   1.9235785e+01
   6.4400000e-01   5.4947153e+00   3.5224947e+00   1.9341001e+01
   6.4500000e-01   5.4976574e+00   2.3582502e+00   1.9440337e+01
   6.4600000e-01   5.4994252e+00   1.1740941e+00   1.9533466e+01
   6.4700000e-01   5.4999997e+00  -2.7775287e-02   1.9620123e+01
   6.4800000e-01   5.4993645e+00  -1.2450247e+00   1.9700086e+01
   6.4900000e-01   5.4975053e+00  -2.4752090e+00   1.9773184e+01
   6.5000000e-01   5.4944106e+00  -3.7157940e+00   1.9839288e+01
   6.5100000e-01   5.4900711e+00  -4.9641816e+00   1.9898323e+01
   6.5200000e-01   5.4844805e+00  -6.2177360e+00   1.9950260e+01
   6.5300000e-01   5.4776348e+00  -7.4738098e+00   1.9995124e+01
   6.5400000e-01   5.4695329e+00  -8.7297712e+00   2.0032989e+01
   6.5500000e-01   5.4601762e+00  -9.9830291e+00   2.0063978e+01
   6.5600000e-01   5.4495686e+00  -1.1231058e+01   2.0088259e+01
   6.5700000e-01   5.4377166e+00  -1.2471419e+01   2.0106045e+01
   6.5800000e-01   5.4246291e+00  -1.3701781e+01   2.0117587e+01
   6.5900000e-01   5.4103171e+00  -1.4919940e+01   2.0123173e+01
   6.6000000e-01   5.3947940e+00  -1.6123827e+01   2.0123121e+01
   6.6100000e-01   5.3780749e+00  -1.7311525e+01   2.0117775e+01
   6.6200000e-01   5.3601769e+00  -1.8481276e+01   2.0107502e+01
   6.6300000e-01   5.3411188e+00  -1.9631483e+01   2.0092684e+01
   6.6400000e-01   5.3209210e+00  -2.0760707e+01   2.0073677e+01
   6.6500000e-01   5.2996049e+00  -2.1867688e+01   2.0050959e+01
   6.6600000e-01   5.2771934e+00  -2.2951325e+01   2.0024899e+01
   6.6700000e-01   5.2537104e+00  -2.4010668e+01   1.9995900e+01
   6.6800000e-01   5.2291805e+00  -2.5044919e+01   1.9964364e+01
   6.6900000e-01   5.2036292e+00  -2.6053421e+01   1.9930685e+01
   6.7000000e-01   5.1770824e+00  -2.7035648e+01   1.9895249e+01
   6.7100000e-01   5.1495668e+00  -2.7991200e+01   1.9858429e+01
   6.7200000e-01   5.1211090e+00  -2.8919787e+01   1.9820587e+01
   6.7300000e-01   5.0917363e+00  -2.9821222e+01   1.9782069e+01
   6.7400000e-01   5.0614757e+00  -3.0695409e+01   1.9743207e+01
   6.7500000e-01   5.0303545e+00  -3.1542333e+01   1.9704316e+01
   6.7600000e-01   4.9984001e+00  -3.2362050e+01   1.9665697e+01
   6.7700000e-01   4.9656395e+00  -3.3154675e+01   1.9627632e+01
   6.7800000e-01   4.9320997e+00  -3.3920377e+01   1.9590388e+01
   6.7900000e-01   4.8978076e+00  -3.4659369e+01   1.9554218e+01
   6.8000000e-01   4.8627898e+00  -3.5371896e+01   1.9519358e+01
   6.8100000e-01   4.8270725e+00  -3.6058233e+01   1.9486028e+01
   6.8200000e-01   4.7906819e+00  -3.6718677e+01   1.9454436e+01
   6.8300000e-01   4.7536437e+00  -3.7353537e+01   1.9424777e+01
   6.8400000e-01   4.7159833e+00  -3.7963133e+01   1.9397231e+01
   6.8500000e-01   4.6777258e+00  -3.8547790e+01   1.9371967e+01
   6.8600000e-01   4.6388959e+00  -3.9107832e+01   1.9349144e+01
   6.8700000e-01   4.5995182e+00  -3.9643577e+01   1.9328911e+01
   6.8800000e-01   4.5596167e+00  -4.0155340e+01   1.9311405e+01
   6.8900000e-01   4.5192154e+00  -4.0643421e+01   1.9296757e+01
   6.9000000e-01   4.4783377e+00  -4.1108108e+01   1.9285088e+01
   6.9100000e-01   4.4370069e+00  -4.1549675e+01   1.9276513e+01
   6.9200000e-01   4.3952460e+00  -4.1968376e+01   1.9271139e+01
   6.9300000e-01   4.3530777e+00  -4.2364447e+01   1.9269068e+01
   6.9400000e-01   4.3105246e+00  -4.2738104e+01   1.9270396e+01
   6.9500000e-01   4.2676089e+00  -4.3089540e+01   1.9275214e+01
   6.9600000e-01   4.2243528e+00  -4.3418926e+01   1.9283608e+01
   6.9700000e-01   4.1807783e+00  -4.3726410e+01   1.9295659e+01
   6.9800000e-01   4.1369073e+00  -4.4012114e+01   1.9311446e+01
   6.9900000e-01   4.0927613e+00  -4.4276139e+01   1.9331043e+01
   7.0000000e-01   4.0483622e+00  -4.4518559e+01   1.9354521e+01
   7.0100000e-01   4.0037314e+00  -4.4739424e+01   1.9381946e+01
   7.0200000e-01   3.9588905e+00  -4.4938762e+01   1.9413384e+01
   7.0300000e-01   3.9138611e+00  -4.5116573e+01   1.9448894e+01
   7.0400000e-01   3.8686646e+00  -4.5272836e+01   1.9488535e+01
   7.0500000e-01   3.8233226e+00  -4.5407508e+01   1.9532362e+01
   7.0600000e-01   3.7778568e+00  -4.5520523e+01   1.9580425e+01
   7.0700000e-01   3.7322888e+00  -4.5611792e+01   1.9632773e+01
   7.0800000e-01   3.6866405e+00  -4.5681210e+01   1.9689449e+01
   7.0900000e-01   3.6409337e+00  -4.5728648e+01   1.9750493e+01
   7.1000000e-01   3.5951905e+00  -4.5753965e+01   1.9815941e+01
   7.1100000e-01   3.5494332e+00  -4.5757003e+01   1.9885823e+01
   7.1200000e-01   3.5036840e+00  -4.5737587e+01   1.9960165e+01
   7.1300000e-01   3.4579656e+00  -4.5695537e+01   2.0038987e+01
   7.1400000e-01   3.4123006e+00  -4.5630658e+01   2.0122302e+01
   7.1500000e-01   3.3667119e+00  -4.5542754e+01   2.0210117e+01
   7.1600000e-01   3.3212228e+00  -4.5431622e+01   2.0302431e+01
   7.1700000e-01   3.2758565e+00  -4.5297061e+01   2.0399237e+01
   7.1800000e-01   3.2306366e+00  -4.5138873e+01   2.0500515e+01
   7.1900000e-01   3.1855867e+00  -4.4956866e+01   2.0606240e+01
   7.2000000e-01   3.1407308e+00  -4.4750862e+01   2.0716375e+01
   7.2100000e-01   3.0960930e+00  -4.4520696e+01   2.0830872e+01
   7.2200000e-01   3.0516975e+00  -4.4266224e+01   2.0949673e+01
   7.2300000e-01   3.0075687e+00  -4.3987327e+01   2.1072706e+01
   7.2400000e-01   2.9637310e+00  -4.3683915e+01   2.1199888e+01
   7.2500000e-01   2.9202091e+00  -4.3355933e+01   2.1331124e+01
   7.2600000e-01   2.8770274e+00  -4.3003364e+01   2.1466302e+01
   7.2700000e-01   2.8342105e+00  -4.2626238e+01   2.1605300e+01
   7.2800000e-01   2.7917831e+00  -4.2224633e+01   2.1747980e+01
   7.2900000e-01   2.7497694e+00  -4.1798680e+01   2.1894192e+01
   7.3000000e-01   2.7081938e+00  -4.1348571e+01   2.2043769e+01
   7.3100000e-01   2.6670802e+00  -4.0874559e+01   2.2196534e+01
   7.3200000e-01   2.6264525e+00  -4.0376965e+01   2.2352295e+01
   7.3300000e-01   2.5863340e+00  -3.9856178e+01   2.2510847e+01
   7.3400000e-01   2.5467477e+00  -3.9312659e+01   2.2671974e+01
   7.3500000e-01   2.5077161e+00  -3.8746943e+01   2.2835450e+01
   7.3600000e-01   2.4692610e+00  -3.8159639e+01   2.3001038e+01
   7.3700000e-01   2.4314038e+00  -3.7551430e+01   2.3168495e+01
   7.3800000e-01   2.3941649e+00  -3.6923071e+01   2.3337568e+01
   7.3900000e-01   2.3575641e+00  -3.6275388e+01   2.3508002e+01
   7.4000000e-01   2.3216203e+00  -3.5609274e+01   2.3679537e+01
   7.4100000e-01   2.2863514e+00  -3.4925685e+01   2.3851913e+01
   7.4200000e-01   2.2517744e+00  -3.4225634e+01   2.4024868e+01
   7.4300000e-01   2.2179053e+00  -3.3510183e+01   2.4198144e+01
   7.4400000e-01   2.1847588e+00  -3.2780440e+01   2.4371488e+01
   7.4500000e-01   2.1523488e+00  -3.2037547e+01   2.4544650e+01
   7.4600000e-01   2.1206877e+00  -3.1282674e+01   2.4717390e+01
   7.4700000e-01   2.0897870e+00  -3.0517006e+01   2.4889478e+01
   7.4800000e-01   2.0596569e+00  -2.9741737e+01   2.5060692e+01
   7.4900000e-01   2.0303064e+00  -2.8958060e+01   2.5230824e+01
   7.5000000e-01   2.0017432e+00  -2.8167155e+01   2.5399678e+01
   7.5100000e-01   1.9739741e+00  -2.7370183e+01   2.5567074e+01
   7.5200000e-01   1.9470045e+00  -2.6568272e+01   2.5732843e+01
   7.5300000e-01   1.9208389e+00  -2.5762514e+01   2.5896835e+01
   7.5400000e-01   1.8954804e+00  -2.4953953e+01   2.6058913e+01
   7.5500000e-01   1.8709316e+00  -2.4143577e+01   2.6218955e+01
   7.5600000e-01   1.8471936e+00  -2.3332317e+01   2.6376854e+01
   7.5700000e-01   1.8242670e+00  -2.2521034e+01   2.6532520e+01
   7.5800000e-01   1.8021513e+00  -2.1710521e+01   2.6685874e+01
   7.5900000e-01   1.7808455e+00  -2.0901494e+01   2.6836851e+01
   7.6000000e-01   1.7603476e+00  -2.0094591e+01   2.6985401e+01
   7.6100000e-01   1.7406554e+00  -1.9290372e+01   2.7131483e+01
   7.6200000e-01   1.7217659e+00  -1.8489315e+01   2.7275066e+01
   7.6300000e-01   1.7036756e+00  -1.7691815e+01   2.7416132e+01
   7.6400000e-01   1.6863810e+00  -1.6898188e+01   2.7554670e+01
   7.6500000e-01   1.6698779e+00  -1.6108668e+01   2.7690674e+01
   7.6600000e-01   1.6541623e+00  -1.5323409e+01   2.7824149e+01
   7.6700000e-01   1.6392297e+00  -1.4542490e+01   2.7955101e+01
   7.6800000e-01   1.6250753e+00  -1.3765922e+01   2.8083547e+01
   7.6900000e-01   1.6116959e+00  -1.2993618e+01   2.8209494e+01
   7.7000000e-01   1.5990867e+00  -1.2225445e+01   2.8332964e+01
   7.7100000e-01   1.5872437e+00  -1.1461197e+01   2.8453977e+01
   7.7200000e-01   1.5761631e+00  -1.0700603e+01   2.8572553e+01
   7.7300000e-01   1.5658414e+00  -9.9433288e+00   2.8688712e+01
   7.7400000e-01   1.5562755e+00  -9.1889845e+00   2.8802472e+01
   7.7500000e-01   1.5474626e+00  -8.4371237e+00   2.8913851e+01
   7.7600000e-01   1.5394006e+00  -7.6872475e+00   2.9022863e+01
   7.7700000e-01   1.5320876e+00  -6.9388074e+00   2.9129521e+01
   7.7800000e-01   1.5255227e+00  -6.1912079e+00   2.9233832e+01
   7.7900000e-01   1.5197051e+00  -5.4438087e+00   2.9335801e+01
   7.8000000e-01   1.5146352e+00  -4.6959275e+00   2.9435428e+01
   7.8100000e-01   1.5103137e+00  -3.9468421e+00   2.9532706e+01
   7.8200000e-01   1.5067422e+00  -3.1957925e+00   2.9627626e+01
   7.8300000e-01   1.5039230e+00  -2.4419834e+00   2.9720170e+01
   7.8400000e-01   1.5018594e+00  -1.6845859e+00   2.9810316e+01
   7.8500000e-01   1.5005553e+00  -9.2273960e-01   2.9898032e+01
   7.8600000e-01   1.5000157e+00  -1.5555503e-01   2.9983283e+01
   7.8700000e-01   1.5002463e+00   6.1788466e-01   3.0066024e+01
   7.8800000e-01   1.5012539e+00   1.3985212e+00   3.0146202e+01
   7.8900000e-01   1.5030461e+00   2.1873187e+00   3.0223754e+01
   7.9000000e-01   1.5056316e+00   2.9852607e+00   3.0298608e+01
   7.9100000e-01   1.5090200e+00   3.7933472e+00   3.0370681e+01
   7.9200000e-01   1.5132220e+00   4.6125909e+00   3.0439879e+01
   7.9300000e-01   1.5182492e+00   5.4440136e+00   3.0506098e+01
   7.9400000e-01   1.5241144e+00   6.2886411e+00   3.0569220e+01
   7.9500000e-01   1.5308312e+00   7.1474989e+00   3.0629118e+01
   7.9600000e-01   1.5384145e+00   8.0216058e+00   3.0685654e+01
   7.9700000e-01   1.5468799e+00   8.9119675e+00   3.0738675e+01
   7.9800000e-01   1.5562442e+00   9.8195694e+00   3.0788019e+01
   7.9900000e-01   1.5665251e+00   1.0745368e+01   3.0833512e+01
   8.0000000e-01   1.5777413e+00   1.1690281e+01   3.0874968e+01
   8.0100000e-01   1.5899123e+00   1.2655179e+01   3.0912191e+01
   8.0200000e-01   1.6030586e+00   1.3640870e+01   3.0944974e+01
   8.0300000e-01   1.6172012e+00   1.4648089e+01   3.0973101e+01
   8.0400000e-01   1.6323621e+00   1.5677486e+01   3.0996348e+01
   8.0500000e-01   1.6485637e+00   1.6729606e+01   3.1014483e+01
   8.0600000e-01   1.6658290e+00   1.7804876e+01   3.1027271e+01
   8.0700000e-01   1.6841819e+00   1.8903582e+01   3.1034501e+01
   8.0800000e-01   1.7036447e+00   2.0025876e+01   3.1035873e+01
   8.0900000e-01   1.7242415e+00   2.1171715e+01   3.1031181e+01
   8.1000000e-01   1.7459958e+00   2.2340875e+01   3.1020191e+01
   8.1100000e-01   1.7689308e+00   2.3532921e+01   3.1002681e+01
   8.1200000e-01   1.7930690e+00   2.4747192e+01   3.0978440e+01
   8.1300000e-01   1.8184322e+00   2.5982783e+01   3.0947275e+01
   8.1400000e-01   1.8450412e+00   2.7238531e+01   3.0909014e+01
   8.1500000e-01   1.8729155e+00   2.8513002e+01   3.0863513e+01
   8.1600000e-01   1.9020729e+00   2.9804482e+01   3.0810658e+01
   8.1700000e-01   1.9325294e+00   3.1110969e+01   3.0750373e+01
   8.1800000e-01   1.9642990e+00   3.2430175e+01   3.0682621e+01
   8.1900000e-01   1.9973931e+00   3.3759526e+01   3.0607412e+01
   8.2000000e-01   2.0318204e+00   3.5096172e+01   3.0524804e+01
   8.2100000e-01   2.0675868e+00   3.6437001e+01   3.0434907e+01
   8.2200000e-01   2.1046947e+00   3.7778657e+01   3.0337885e+01
   8.2300000e-01   2.1431432e+00   3.9117562e+01   3.0233958e+01
   8.2400000e-01   2.1829276e+00   4.0449952e+01   3.0123400e+01
   8.2500000e-01   2.2240396e+00   4.1771904e+01   3.0006539e+01
   8.2600000e-01   2.2664666e+00   4.3079376e+01   2.9883755e+01
   8.2700000e-01   2.3101921e+00   4.4368247e+01   2.9755475e+01
   8.2800000e-01   2.3551955e+00   4.5634360e+01   2.9622166e+01
   8.2900000e-01   2.4014518e+00   4.6873557e+01   2.9484333e+01
   8.3000000e-01   2.4489322e+00   4.8081728e+01   2.9342507e+01
   8.3100000e-01   2.4976036e+00   4.9254843e+01   2.9197241e+01
   8.3200000e-01   2.5474289e+00   5.0388992e+01   2.9049096e+01
   8.3300000e-01   2.5983673e+00   5.1480412e+01   2.8898637e+01
   8.3400000e-01   2.6503743e+00   5.2525520e+01   2.8746424e+01
   8.3500000e-01   2.7034018e+00   5.3520928e+01   2.8592996e+01
   8.3600000e-01   2.7573985e+00   5.4463464e+01   2.8438871e+01
   8.3700000e-01   2.8123101e+00   5.5350182e+01   2.8284534e+01
   8.3800000e-01   2.8680794e+00   5.6178367e+01   2.8130429e+01
   8.3900000e-01   2.9246465e+00   5.6945538e+01   2.7976955e+01
   8.4000000e-01   2.9819494e+00   5.7649446e+01   2.7824458e+01
   8.4100000e-01   3.0399236e+00   5.8288064e+01   2.7673228e+01
   8.4200000e-01   3.0985031e+00   5.8859582e+01   2.7523496e+01
   8.4300000e-01   3.1576199e+00   5.9362394e+01   2.7375429e+01
   8.4400000e-01   3.2172046e+00   5.9795089e+01   2.7229130e+01
   8.4500000e-01   3.2771863e+00   6.0156431e+01   2.7084636e+01
   8.4600000e-01   3.3374933e+00   6.0445354e+01   2.6941916e+01
   8.4700000e-01   3.3980526e+00   6.0660945e+01   2.6800875e+01
   8.4800000e-01   3.4587905e+00   6.0802434e+01   2.6661348e+01
   8.4900000e-01   3.5196326e+00   6.0869187e+01   2.6523107e+01
   8.5000000e-01   3.5805038e+00   6.0860693e+01   2.6385856e+01
   8.5100000e-01   3.6413287e+00   6.0776563e+01   2.6249238e+01
   8.5200000e-01   3.7020316e+00   6.0616528e+01   2.6112832e+01
   8.5300000e-01   3.7625365e+00   6.0380432e+01   2.5976154e+01
   8.5400000e-01   3.8227671e+00   6.0068243e+01   2.5838664e+01
   8.5500000e-01   3.8826476e+00   5.9680054e+01   2.5699760e+01
   8.5600000e-01   3.9421020e+00   5.9216089e+01   2.5558789e+01
   8.5700000e-01   4.0010547e+00   5.8676719e+01   2.5415039e+01
   8.5800000e-01   4.0594305e+00   5.8062472e+01   2.5267751e+01
   8.5900000e-01   4.1171549e+00   5.7374051e+01   2.5116115e+01
   8.6000000e-01   4.1741542e+00   5.6612351e+01   2.4959279e+01
   8.6100000e-01   4.2303555e+00   5.5778480e+01   2.4796347e+01
   8.6200000e-01   4.2856875e+00   5.4873781e+01   2.4626392e+01
   8.6300000e-01   4.3400800e+00   5.3899857e+01   2.4448456e+01
   8.6400000e-01   4.3934648e+00   5.2858591e+01   2.4261556e+01
   8.6500000e-01   4.4457755e+00   5.1752172e+01   2.4064700e+01
   8.6600000e-01   4.4969483e+00   5.0583119e+01   2.3856887e+01
   8.6700000e-01   4.5469218e+00   4.9354296e+01   2.3637126e+01
   8.6800000e-01   4.5956380e+00   4.8068938e+01   2.3404441e+01
   8.6900000e-01   4.6430421e+00   4.6730656e+01   2.3157891e+01
   8.7000000e-01   4.6890830e+00   4.5343449e+01   2.2896582e+01
   8.7100000e-01   4.7337141e+00   4.3911707e+01   2.2619681e+01
   8.7200000e-01   4.7768932e+00   4.2440204e+01   2.2326437e+01
   8.7300000e-01   4.8185830e+00   4.0934078e+01   2.2016197e+01
   8.7400000e-01   4.8587517e+00   3.9398817e+01   2.1688422e+01
   8.7500000e-01   4.8973729e+00   3.7840212e+01   2.1342705e+01
   8.7600000e-01   4.9344264e+00   3.6264323e+01   2.0978789e+01
   8.7700000e-01   4.9698979e+00   3.4677415e+01   2.0596576e+01
   8.7800000e-01   5.0037797e+00   3.3087701e+01   2.0197248e+01
   8.7900000e-01   5.0360765e+00   3.1522494e+01   1.9794355e+01
   8.8000000e-01   5.0668539e+00   3.0025151e+01   1.9414656e+01
   8.8100000e-01   5.0961567e+00   2.8602043e+01   1.9063344e+01
   8.8200000e-01   5.1240804e+00   2.7259500e+01   1.8747532e+01
   8.8300000e-01   5.1507025e+00   2.5998874e+01   1.8471638e+01
   8.8400000e-01   5.1761041e+00   2.4817416e+01   1.8238049e+01
   8.8500000e-01   5.2003615e+00   2.3709479e+01   1.8047499e+01
   8.8600000e-01   5.2235446e+00   2.2667363e+01   1.7899374e+01
   8.8700000e-01   5.2457149e+00   2.1682046e+01   1.7792001e+01
   8.8800000e-01   5.2669242e+00   2.0743778e+01   1.7722902e+01
   8.8900000e-01   5.2872146e+00   1.9842568e+01   1.7689014e+01
   8.9000000e-01   5.3066183e+00   1.8968564e+01   1.7686887e+01
   8.9100000e-01   5.3251576e+00   1.8112344e+01   1.7712837e+01
   8.9200000e-01   5.3428460e+00   1.7265147e+01   1.7763092e+01
   8.9300000e-01   5.3596883e+00   1.6419027e+01   1.7833902e+01
   8.9400000e-01   5.3756817e+00   1.5566966e+01   1.7921633e+01
   8.9500000e-01   5.3908178e+00   1.4702933e+01   1.8022844e+01
   8.9600000e-01   5.4050819e+00   1.3821909e+01   1.8134345e+01
   8.9700000e-01   5.4184546e+00   1.2919873e+01   1.8253238e+01
   8.9800000e-01   5.4309136e+00   1.1993761e+01   1.8376943e+01
   8.9900000e-01   5.4424334e+00   1.1041400e+01   1.8503207e+01
   9.0000000e-01   5.4529872e+00   1.0061431e+01   1.8630102e+01
   9.0100000e-01   5.4625469e+00   9.0532088e+00   1.8756012e+01
   9.0200000e-01   5.4710842e+00   8.0167152e+00   1.8879608e+01
   9.0300000e-01   5.4785710e+00   6.9524574e+00   1.8999817e+01
   9.0400000e-01   5.4849801e+00   5.8613810e+00   1.9115784e+01
   9.0500000e-01   5.4902853e+00   4.7447904e+00   1.9226838e+01
   9.0600000e-01   5.4944618e+00   3.6042810e+00   1.9332455e+01
   9.0700000e-01   5.4974865e+00   2.4416851e+00   1.9432219e+01
   9.0800000e-01   5.4993384e+00   1.2590285e+00   1.9525799e+01
   9.0900000e-01   5.4999986e+00   5.8498785e-02   1.9612924e+01
   9.1000000e-01   5.4994503e+00  -1.1575804e+00   1.9693372e+01
   9.1100000e-01   5.4976791e+00  -2.3867718e+00   1.9766966e+01
   9.1200000e-01   5.4946732e+00  -3.6265474e+00   1.9833575e+01
   9.1300000e-01   5.4904233e+00  -4.8743134e+00   1.9893120e+01
   9.1400000e-01   5.4849228e+00  -6.1274365e+00   1.9945569e+01
   9.1500000e-01   5.4781675e+00  -7.3832698e+00   1.9990943e+01
   9.1600000e-01   5.4701562e+00  -8.6391801e+00   2.0029312e+01
   9.1700000e-01   5.4608900e+00  -9.8925732e+00   2.0060795e+01
   9.1800000e-01   5.4503727e+00  -1.1140918e+01   2.0085558e+01
   9.1900000e-01   5.4386107e+00  -1.2381771e+01   2.0103810e+01
   9.2000000e-01   5.4256125e+00  -1.3612792e+01   2.0115800e+01
   9.2100000e-01   5.4113891e+00  -1.4831767e+01   2.0121813e+01
   9.2200000e-01   5.3959536e+00  -1.6036618e+01   2.0122165e+01
   9.2300000e-01   5.3793212e+00  -1.7225419e+01   2.0117199e+01
   9.2400000e-01   5.3615087e+00  -1.8396397e+01   2.0107279e+01
   9.2500000e-01   5.3425349e+00  -1.9547946e+01   2.0092786e+01
   9.2600000e-01   5.3224199e+00  -2.0678615e+01   2.0074075e+01
   9.2700000e-01   5.3011851e+00  -2.1787131e+01   2.0051626e+01
   9.2800000e-01   5.2788534e+00  -2.2872384e+01   2.0025805e+01
   9.2900000e-01   5.2554485e+00  -2.3933411e+01   1.9997017e+01
   9.3000000e-01   5.2309950e+00  -2.4969404e+01   1.9965663e+01
   9.3100000e-01   5.2055183e+00  -2.5979696e+01   1.9932138e+01
   9.3200000e-01   5.1790443e+00  -2.6963752e+01   1.9896827e+01
   9.3300000e-01   5.1515996e+00  -2.7921164e+01   1.9860107e+01
   9.3400000e-01   5.1232110e+00  -2.8851633e+01   1.9822339e+01
   9.3500000e-01   5.0939054e+00  -2.9754966e+01   1.9783869e+01
   9.3600000e-01   5.0637101e+00  -3.0631060e+01   1.9745032e+01
   9.3700000e-01   5.0326524e+00  -3.1479895e+01   1.9706144e+01
   9.3800000e-01   5.0007594e+00  -3.2301520e+01   1.9667506e+01
   9.3900000e-01   4.9680584e+00  -3.3096049e+01   1.9629401e+01
   9.4000000e-01   4.9345763e+00  -3.3863645e+01   1.9592100e+01
   9.4100000e-01   4.9003400e+00  -3.4604519e+01   1.9555853e+01
   9.4200000e-01   4.8653761e+00  -3.5318913e+01   1.9520899e+01
   9.4300000e-01   4.8297109e+00  -3.6007101e+01   1.9487459e+01
   9.4400000e-01   4.7933705e+00  -3.6669378e+01   1.9455743e+01
   9.4500000e-01   4.7563807e+00  -3.7306052e+01   1.9425944e+01
   9.4600000e-01   4.7187668e+00  -3.7917443e+01   1.9398245e+01
   9.4700000e-01   4.6805541e+00  -3.8503874e+01   1.9372817e+01
   9.4800000e-01   4.6417673e+00  -3.9065670e+01   1.9349818e+01
   9.4900000e-01   4.6024309e+00  -3.9603151e+01   1.9329397e+01
   9.5000000e-01   4.5625690e+00  -4.0116630e+01   1.9311693e+01
   9.5100000e-01   4.5222055e+00  -4.0606409e+01   1.9296837e+01
   9.5200000e-01   4.4813640e+00  -4.1072777e+01   1.9284951e+01
   9.5300000e-01   4.4400677e+00  -4.1516009e+01   1.9276150e+01
   9.5400000e-01   4.3983396e+00  -4.1936360e+01   1.9270543e+01
   9.5500000e-01   4.3562025e+00  -4.2334068e+01   1.9268230e+01
   9.5600000e-01   4.3136789e+00  -4.2709349e+01   1.9269309e+01
   9.5700000e-01   4.2707912e+00  -4.3062400e+01   1.9273871e+01
   9.5800000e-01   4.2275615e+00  -4.3393392e+01   1.9282002e+01
   9.5900000e-01   4.1840117e+00  -4.3702474e+01   1.9293784e+01
   9.6000000e-01   4.1401638e+00  -4.3989772e+01   1.9309296e+01
   9.6100000e-01   4.0960394e+00  -4.4255386e+01   1.9328611e+01
   9.6200000e-01   4.0516602e+00  -4.4499394e+01   1.9351802e+01
   9.6300000e-01   4.0070478e+00  -4.4721847e+01   1.9378935e+01
   9.6400000e-01   3.9622237e+00  -4.4922774e+01   1.9410075e+01
   9.6500000e-01   3.9172095e+00  -4.5102178e+01   1.9445282e+01
   9.6600000e-01   3.8720265e+00  -4.5260040e+01   1.9484616e+01
   9.6700000e-01   3.8266966e+00  -4.5396318e+01   1.9528131e+01
   9.6800000e-01   3.7812411e+00  -4.5510946e+01   1.9575879e+01
   9.6900000e-01   3.7356819e+00  -4.5603839e+01   1.9627906e+01
   9.7000000e-01   3.6900407e+00  -4.5674891e+01   1.9684258e+01
   9.7100000e-01   3.6443395e+00  -4.5723977e+01   1.9744975e+01
   9.7200000e-01   3.5986001e+00  -4.5750956e+01   1.9810093e+01
   9.7300000e-01   3.5528450e+00  -4.5755669e+01   1.9879642e+01
   9.7400000e-01   3.5070963e+00  -4.5737946e+01   1.9953649e+01
   9.7500000e-01   3.4613766e+00  -4.5697605e+01   2.0032134e+01
   9.7600000e-01   3.4157087e+00  -4.5634453e+01   2.0115111e+01
   9.7700000e-01   3.3701154e+00  -4.5548293e+01   2.0202587e+01
   9.7800000e-01   3.3246198e+00  -4.5438922e+01   2.0294563e+01
   9.7900000e-01   3.2792453e+00  -4.5306141e+01   2.0391029e+01
   9.8000000e-01   3.2340154e+00  -4.5149749e+01   2.0491970e+01
   9.8100000e-01   3.1889538e+00  -4.4969556e+01   2.0597360e+01
   9.8200000e-01   3.1440843e+00  -4.4765381e+01   2.0707162e+01
   9.8300000e-01   3.0994311e+00  -4.4537058e+01   2.0821329e+01
   9.8400000e-01   3.0550183e+00  -4.4284442e+01   2.0939805e+01
   9.8500000e-01   3.0108703e+00  -4.4007412e+01   2.1062518e+01
   9.8600000e-01   2.9670116e+00  -4.3705874e+01   2.1189387e+01
   9.8700000e-01   2.9234668e+00  -4.3379772e+01   2.1320316e+01
   9.8800000e-01   2.8802603e+00  -4.3029086e+01   2.1455196e+01
   9.8900000e-01   2.8374168e+00  -4.2653841e+01   2.1593905e+01
   9.9000000e-01   2.7949608e+00  -4.2254111e+01   2.1736308e+01
   9.9100000e-01   2.7529167e+00  -4.1830025e+01   2.1882252e+01
   9.9200000e-01   2.7113088e+00  -4.1381768e+01   2.2031576e+01
   9.9300000e-01   2.6701611e+00  -4.0909590e+01   2.2184100e+01
   9.9400000e-01   2.6294975e+00  -4.0413805e+01   2.2339635e+01
   9.9500000e-01   2.5893413e+00  -3.9894798e+01   2.2497977e+01
   9.9600000e-01   2.5497155e+00  -3.9353023e+01   2.2658911e+01
   9.9700000e-01   2.5106426e+00  -3.8789011e+01   2.2822210e+01
   9.9800000e-01   2.4721447e+00  -3.8203363e+01   2.2987640e+01
   9.9900000e-01   2.4342429e+00  -3.7596759e+01   2.3154957e+01
   1.0000000e+00   2.3969579e+00  -3.6969947e+01   2.3323909e+01
   1.0010000e+00   2.3603095e+00  -3.6323747e+01   2.3494242e+01
