   1.5000000e+00  -1.1111111e-01   0.0000000e+00
   1.5040000e+00  -5.6033808e+01   0.0000000e+00
   1.5080000e+00  -1.1205610e+02   0.0000000e+00
   1.5120000e+00  -1.6817825e+02   0.0000000e+00
   1.5160000e+00  -2.2440054e+02   0.0000000e+00
   1.5200000e+00  -2.8072321e+02   0.0000000e+00
   1.5240000e+00  -3.3714656e+02   0.0000000e+00
   1.5280000e+00  -3.9367084e+02   0.0000000e+00
   1.5320000e+00  -4.5029633e+02   0.0000000e+00
   1.5360000e+00  -5.0702330e+02   0.0000000e+00
   1.5400000e+00  -5.6385202e+02   0.0000000e+00
   1.5440000e+00  -6.2078276e+02   0.0000000e+00
   1.5480000e+00  -6.7781581e+02   0.0000000e+00
   1.5520000e+00  -7.3495144e+02   0.0000000e+00
   1.5560000e+00  -7.9218992e+02   0.0000000e+00
   1.5600000e+00  -8.4953153e+02   0.0000000e+00
   1.5640000e+00  -9.0697656e+02   0.0000000e+00
   1.5680000e+00  -9.6452527e+02   0.0000000e+00
   1.5720000e+00  -1.0221780e+03   0.0000000e+00
   1.5760000e+00  -1.0799349e+03   0.0000000e+00
   1.5800000e+00  -1.1377964e+03   0.0000000e+00
   1.5840000e+00  -1.1957627e+03   0.0000000e+00
   1.5880000e+00  -1.2538341e+03   0.0000000e+00
   1.5920000e+00  -1.3120109e+03   0.0000000e+00
   1.5960000e+00  -1.3702934e+03   0.0000000e+00
   1.6000000e+00  -1.4286818e+03   0.0000000e+00
   1.6040000e+00  -1.4871765e+03   0.0000000e+00
   1.6080000e+00  -1.5457778e+03   0.0000000e+00
   1.6120000e+00  -1.6044859e+03   0.0000000e+00
   1.6160000e+00  -1.6633011e+03   0.0000000e+00
   1.6200000e+00  -1.7222237e+03   0.0000000e+00
   1.6240000e+00  -1.7812541e+03   0.0000000e+00
   1.6280000e+00  -1.8403925e+03   0.0000000e+00
   1.6320000e+00  -1.8996392e+03   0.0000000e+00
   1.6360000e+00  -1.9589945e+03   0.0000000e+00
   1.6400000e+00  -2.0184587e+03   0.0000000e+00
   1.6440000e+00  -2.0780321e+03   0.0000000e+00
   1.6480000e+00  -2.1377151e+03   0.0000000e+00
   1.6520000e+00  -2.1975078e+03   0.0000000e+00
   1.6560000e+00  -2.2574107e+03   0.0000000e+00
   1.6600000e+00  -2.3174240e+03   0.0000000e+00
   1.6640000e+00  -2.3775480e+03   0.0000000e+00
   1.6680000e+00  -2.4377830e+03   0.0000000e+00
   1.6720000e+00  -2.4981294e+03   0.0000000e+00
   1.6760000e+00  -2.5585874e+03   0.0000000e+00
   1.6800000e+00  -2.6191574e+03   0.0000000e+00
   1.6840000e+00  -2.6798397e+03   0.0000000e+00
   1.6880000e+00  -2.7406345e+03   0.0000000e+00
   1.6920000e+00  -2.8015422e+03   0.0000000e+00
   1.6960000e+00  -2.8625632e+03   0.0000000e+00
   1.7000000e+00  -2.9236977e+03   0.0000000e+00
   1.7040000e+00  -2.9849460e+03   0.0000000e+00
   1.7080000e+00  -3.0463085e+03   0.0000000e+00
   1.7120000e+00  -3.1077854e+03   0.0000000e+00
   1.7160000e+00  -3.1693772e+03   0.0000000e+00
   1.7200000e+00  -3.2310841e+03   0.0000000e+00
   1.7240000e+00  -3.2929065e+03   0.0000000e+00
   1.7280000e+00  -3.3548446e+03   0.0000000e+00
   1.7320000e+00  -3.4168988e+03   0.0000000e+00
   1.7360000e+00  -3.4790694e+03   0.0000000e+00
   1.7400000e+00  -3.5413568e+03   0.0000000e+00
   1.7440000e+00  -3.6037613e+03   0.0000000e+00
   1.7480000e+00  -3.6662832e+03   0.0000000e+00
   1.7520000e+00  -3.7289228e+03   0.0000000e+00
   1.7560000e+00  -3.7916805e+03   0.0000000e+00
   1.7600000e+00  -3.8545566e+03   0.0000000e+00
   1.7640000e+00  -3.9175515e+03   0.0000000e+00
   1.7680000e+00  -3.9806654e+03   0.0000000e+00
   1.7720000e+00  -4.0438988e+03   0.0000000e+00
   1.7760000e+00  -4.1072519e+03   0.0000000e+00
   1.7800000e+00  -4.1707251e+03   0.0000000e+00
   1.7840000e+00  -4.2343188e+03   0.0000000e+00
   1.7880000e+00  -4.2980332e+03   0.0000000e+00
   1.7920000e+00  -4.3618688e+03   0.0000000e+00
   1.7960000e+00  -4.4258259e+03   0.0000000e+00
   1.8000000e+00  -4.4899048e+03   0.0000000e+00
   1.8040000e+00  -4.5541058e+03   0.0000000e+00
   1.8080000e+00  -4.6184294e+03   0.0000000e+00
   1.8120000e+00  -4.6828758e+03   0.0000000e+00
   1.8160000e+00  -4.7474455e+03   0.0000000e+00
   1.8200000e+00  -4.8121388e+03   0.0000000e+00
   1.8240000e+00  -4.8769559e+03   0.0000000e+00
   1.8280000e+00  -4.9418974e+03   0.0000000e+00
   1.8320000e+00  -5.0069635e+03   0.0000000e+00
   1.8360000e+00  -5.0721547e+03   0.0000000e+00
   1.8400000e+00  -5.1374712e+03   0.0000000e+00
   1.8440000e+00  -5.2029134e+03   0.0000000e+00
   1.8480000e+00  -5.2684817e+03   0.0000000e+00
   1.8520000e+00  -5.3341765e+03   0.0000000e+00
   1.8560000e+00  -5.3999981e+03   0.0000000e+00
   1.8600000e+00  -5.4659469e+03   0.0000000e+00
   1.8640000e+00  -5.5320232e+03   0.0000000e+00
   1.8680000e+00  -5.5982275e+03   0.0000000e+00
   1.8720000e+00  -5.6645601e+03   0.0000000e+00
   1.8760000e+00  -5.7310213e+03   0.0000000e+00
   1.8800000e+00  -5.7976117e+03   0.0000000e+00
   1.8840000e+00  -5.8643314e+03   0.0000000e+00
   1.8880000e+00  -5.9311809e+03   0.0000000e+00
   1.8920000e+00  -5.9981607e+03   0.0000000e+00
   1.8960000e+00  -6.0652710e+03   0.0000000e+00
   1.9000000e+00  -6.1325122e+03   0.0000000e+00
   1.9040000e+00  -6.1998848e+03   0.0000000e+00
   1.9080000e+00  -6.2673891e+03   0.0000000e+00
   1.9120000e+00  -6.3350254e+03   0.0000000e+00
   1.9160000e+00  -6.4027943e+03   0.0000000e+00
   1.9200000e+00  -6.4706961e+03   0.0000000e+00
   1.9240000e+00  -6.5387311e+03   0.0000000e+00
   1.9280000e+00  -6.6068998e+03   0.0000000e+00
   1.9320000e+00  -6.6752026e+03   0.0000000e+00
   1.9360000e+00  -6.7436398e+03   0.0000000e+00
   1.9400000e+00  -6.8122118e+03   0.0000000e+00
   1.9440000e+00  -6.8809191e+03   0.0000000e+00
   1.9480000e+00  -6.9497621e+03   0.0000000e+00
   1.9520000e+00  -7.0187411e+03   0.0000000e+00
   1.9560000e+00  -7.0878566e+03   0.0000000e+00
   1.9600000e+00  -7.1571089e+03   0.0000000e+00
   1.9640000e+00  -7.2264985e+03   0.0000000e+00
   1.9680000e+00  -7.2960258e+03   0.0000000e+00
   1.9720000e+00  -7.3656912e+03   0.0000000e+00
   1.9760000e+00  -7.4354950e+03   0.0000000e+00
   1.9800000e+00  -7.5054378e+03   0.0000000e+00
   1.9840000e+00  -7.5755199e+03   0.0000000e+00
   1.9880000e+00  -7.6457418e+03   0.0000000e+00
   1.9920000e+00  -7.7161038e+03   0.0000000e+00
   1.9960000e+00  -7.7866064e+03   0.0000000e+00
   2.0000000e+00  -7.8572500e+03   0.0000000e+00
   2.0040000e+00  -7.9280350e+03   0.0000000e+00
   2.0080000e+00  -7.9989619e+03   0.0000000e+00
   2.0120000e+00  -8.0700311e+03   0.0000000e+00
   2.0160000e+00  -8.1412430e+03   0.0000000e+00
   2.0200000e+00  -8.2125980e+03   0.0000000e+00
   2.0240000e+00  -8.2840966e+03   0.0000000e+00
   2.0280000e+00  -8.3557392e+03   0.0000000e+00
   2.0320000e+00  -8.4275262e+03   0.0000000e+00
   2.0360000e+00  -8.4994581e+03   0.0000000e+00
   2.0400000e+00  -8.5715354e+03   0.0000000e+00
   2.0440000e+00  -8.6437583e+03   0.0000000e+00
   2.0480000e+00  -8.7161275e+03   0.0000000e+00
   2.0520000e+00  -8.7886434e+03   0.0000000e+00
   2.0560000e+00  -8.8613063e+03   0.0000000e+00
   2.0600000e+00  -8.9341168e+03   0.0000000e+00
   2.0640000e+00  -9.0070752e+03   0.0000000e+00
   2.0680000e+00  -9.0801821e+03   0.0000000e+00
   2.0720000e+00  -9.1534379e+03   0.0000000e+00
   2.0760000e+00  -9.2268430e+03   0.0000000e+00
   2.0800000e+00  -9.3003980e+03   0.0000000e+00
   2.0840000e+00  -9.3741032e+03   0.0000000e+00
   2.0880000e+00  -9.4479591e+03   0.0000000e+00
   2.0920000e+00  -9.5219662e+03   0.0000000e+00
   2.0960000e+00  -9.5961250e+03   0.0000000e+00
   2.1000000e+00  -9.6704359e+03   0.0000000e+00
   2.1040000e+00  -9.7448994e+03   0.0000000e+00
   2.1080000e+00  -9.8195159e+03   0.0000000e+00
   2.1120000e+00  -9.8942860e+03   0.0000000e+00
   2.1160000e+00  -9.9692101e+03   0.0000000e+00
   2.1200000e+00  -1.0044289e+04   0.0000000e+00
   2.1240000e+00  -1.0119522e+04   0.0000000e+00
   2.1280000e+00  -1.0194911e+04   0.0000000e+00
   2.1320000e+00  -1.0270456e+04   0.0000000e+00
   2.1360000e+00  -1.0346157e+04   0.0000000e+00
   2.1400000e+00  -1.0422016e+04   0.0000000e+00
   2.1440000e+00  -1.0498031e+04   0.0000000e+00
   2.1480000e+00  -1.0574205e+04   0.0000000e+00
   2.1520000e+00  -1.0650536e+04   0.0000000e+00
   2.1560000e+00  -1.0727027e+04   0.0000000e+00
   2.1600000e+00  -1.0803677e+04   0.0000000e+00
   2.1640000e+00  -1.0880487e+04   0.0000000e+00
   2.1680000e+00  -1.0957457e+04   0.0000000e+00
   2.1720000e+00  -1.1034588e+04   0.0000000e+00
   2.1760000e+00  -1.1111881e+04   0.0000000e+00
   2.1800000e+00  -1.1189335e+04   0.0000000e+00
   2.1840000e+00  -1.1266952e+04   0.0000000e+00
   2.1880000e+00  -1.1344731e+04   0.0000000e+00
   2.1920000e+00  -1.1422674e+04   0.0000000e+00
   2.1960000e+00  -1.1500781e+04   0.0000000e+00
   2.2000000e+00  -1.1579053e+04   0.0000000e+00
   2.2040000e+00  -1.1657489e+04   0.0000000e+00
   2.2080000e+00  -1.1736091e+04   0.0000000e+00
   2.2120000e+00  -1.1814859e+04   0.0000000e+00
   2.2160000e+00  -1.1893793e+04   0.0000000e+00
   2.2200000e+00  -1.1972894e+04   0.0000000e+00
   2.2240000e+00  -1.2052163e+04   0.0000000e+00
   2.2280000e+00  -1.2131600e+04   0.0000000e+00
   2.2320000e+00  -1.2211206e+04   0.0000000e+00
   2.2360000e+00  -1.2290981e+04   0.0000000e+00
   2.2400000e+00  -1.2370926e+04   0.0000000e+00
   2.2440000e+00  -1.2451040e+04   0.0000000e+00
   2.2480000e+00  -1.2531326e+04   0.0000000e+00
   2.2520000e+00  -1.2611783e+04   0.0000000e+00
   2.2560000e+00  -1.2692412e+04   0.0000000e+00
   2.2600000e+00  -1.2773214e+04   0.0000000e+00
   2.2640000e+00  -1.2854188e+04   0.0000000e+00
   2.2680000e+00  -1.2935337e+04   0.0000000e+00
   2.2720000e+00  -1.3016659e+04   0.0000000e+00
   2.2760000e+00  -1.3098156e+04   0.0000000e+00
   2.2800000e+00  -1.3179828e+04   0.0000000e+00
   2.2840000e+00  -1.3261676e+04   0.0000000e+00
   2.2880000e+00  -1.3343700e+04   0.0000000e+00
   2.2920000e+00  -1.3425902e+04   0.0000000e+00
   2.2960000e+00  -1.3508281e+04   0.0000000e+00
   2.3000000e+00  -1.3590838e+04   0.0000000e+00
   2.3040000e+00  -1.3673574e+04   0.0000000e+00
   2.3080000e+00  -1.3756489e+04   0.0000000e+00
   2.3120000e+00  -1.3839584e+04   0.0000000e+00
   2.3160000e+00  -1.3922859e+04   0.0000000e+00
   2.3200000e+00  -1.4006315e+04   0.0000000e+00
   2.3240000e+00  -1.4089953e+04   0.0000000e+00
   2.3280000e+00  -1.4173773e+04   0.0000000e+00
   2.3320000e+00  -1.4257776e+04   0.0000000e+00
   2.3360000e+00  -1.4341963e+04   0.0000000e+00
   2.3400000e+00  -1.4426333e+04   0.0000000e+00
   2.3440000e+00  -1.4510888e+04   0.0000000e+00
   2.3480000e+00  -1.4595629e+04   0.0000000e+00
   2.3520000e+00  -1.4680555e+04   0.0000000e+00
   2.3560000e+00  -1.4765667e+04   0.0000000e+00
   2.3600000e+00  -1.4850967e+04   0.0000000e+00
   2.3640000e+00  -1.4936454e+04   0.0000000e+00
   2.3680000e+00  -1.5022130e+04   0.0000000e+00
   2.3720000e+00  -1.5107994e+04   0.0000000e+00
   2.3760000e+00  -1.5194049e+04   0.0000000e+00
   2.3800000e+00  -1.5280293e+04   0.0000000e+00
   2.3840000e+00  -1.5366728e+04   0.0000000e+00
   2.3880000e+00  -1.5453354e+04   0.0000000e+00
   2.3920000e+00  -1.5540173e+04   0.0000000e+00
   2.3960000e+00  -1.5627184e+04   0.0000000e+00
   2.4000000e+00  -1.5714389e+04   0.0000000e+00
   2.4040000e+00  -1.5801788e+04   0.0000000e+00
   2.4080000e+00  -1.5889381e+04   0.0000000e+00
   2.4120000e+00  -1.5977169e+04   0.0000000e+00
   2.4160000e+00  -1.6065154e+04   0.0000000e+00
   2.4200000e+00  -1.6153335e+04   0.0000000e+00
   2.4240000e+00  -1.6241714e+04   0.0000000e+00
   2.4280000e+00  -1.6330290e+04   0.0000000e+00
   2.4320000e+00  -1.6419065e+04   0.0000000e+00
   2.4360000e+00  -1.6508039e+04   0.0000000e+00
   2.4400000e+00  -1.6597213e+04   0.0000000e+00
   2.4440000e+00  -1.6686588e+04   0.0000000e+00
   2.4480000e+00  -1.6776164e+04   0.0000000e+00
   2.4520000e+00  -1.6865943e+04   0.0000000e+00
   2.4560000e+00  -1.6955923e+04   0.0000000e+00
   2.4600000e+00  -1.7046107e+04   0.0000000e+00
   2.4640000e+00  -1.7136495e+04   0.0000000e+00
   2.4680000e+00  -1.7227088e+04   0.0000000e+00
   2.4720000e+00  -1.7317887e+04   0.0000000e+00
   2.4760000e+00  -1.7408891e+04   0.0000000e+00
   2.4800000e+00  -1.7500102e+04   0.0000000e+00
   2.4840000e+00  -1.7591521e+04   0.0000000e+00
   2.4880000e+00  -1.7683148e+04   0.0000000e+00
   2.4920000e+00  -1.7774984e+04   0.0000000e+00
   2.4960000e+00  -1.7867030e+04   0.0000000e+00
   2.5000000e+00  -1.7959286e+04   0.0000000e+00
   2.5040000e+00  -1.8051753e+04   0.0000000e+00
   2.5080000e+00  -1.8144432e+04   0.0000000e+00
   2.5120000e+00  -1.8237323e+04   0.0000000e+00
   2.5160000e+00  -1.8330428e+04   0.0000000e+00
   2.5200000e+00  -1.8423747e+04   0.0000000e+00
   2.5240000e+00  -1.8517281e+04   0.0000000e+00
   2.5280000e+00  -1.8611030e+04   0.0000000e+00
   2.5320000e+00  -1.8704995e+04   0.0000000e+00
   2.5360000e+00  -1.8799178e+04   0.0000000e+00
   2.5400000e+00  -1.8893578e+04   0.0000000e+00
   2.5440000e+00  -1.8988197e+04   0.0000000e+00
   2.5480000e+00  -1.9083035e+04   0.0000000e+00
   2.5520000e+00  -1.9178093e+04   0.0000000e+00
   2.5560000e+00  -1.9273372e+04   0.0000000e+00
   2.5600000e+00  -1.9368872e+04   0.0000000e+00
   2.5640000e+00  -1.9464595e+04   0.0000000e+00
   2.5680000e+00  -1.9560541e+04   0.0000000e+00
   2.5720000e+00  -1.9656711e+04   0.0000000e+00
   2.5760000e+00  -1.9753105e+04   0.0000000e+00
   2.5800000e+00  -1.9849725e+04   0.0000000e+00
   2.5840000e+00  -1.9946571e+04   0.0000000e+00
   2.5880000e+00  -2.0043645e+04   0.0000000e+00
   2.5920000e+00  -2.0140946e+04   0.0000000e+00
   2.5960000e+00  -2.0238476e+04   0.0000000e+00
   2.6000000e+00  -2.0336235e+04   0.0000000e+00
   2.6040000e+00  -2.0434225e+04   0.0000000e+00
   2.6080000e+00  -2.0532446e+04   0.0000000e+00
   2.6120000e+00  -2.0630898e+04   0.0000000e+00
   2.6160000e+00  -2.0729584e+04   0.0000000e+00
   2.6200000e+00  -2.0828503e+04   0.0000000e+00
   2.6240000e+00  -2.0927656e+04   0.0000000e+00
   2.6280000e+00  -2.1027045e+04   0.0000000e+00
   2.6320000e+00  -2.1126670e+04   0.0000000e+00
   2.6360000e+00  -2.1226532e+04   0.0000000e+00
   2.6400000e+00  -2.1326631e+04   0.0000000e+00
   2.6440000e+00  -2.1426969e+04   0.0000000e+00
   2.6480000e+00  -2.1527547e+04   0.0000000e+00
   2.6520000e+00  -2.1628364e+04   0.0000000e+00
   2.6560000e+00  -2.1729423e+04   0.0000000e+00
   2.6600000e+00  -2.1830725e+04   0.0000000e+00
   2.6640000e+00  -2.1932269e+04   0.0000000e+00
   2.6680000e+00  -2.2034056e+04   0.0000000e+00
   2.6720000e+00  -2.2136089e+04   0.0000000e+00
   2.6760000e+00  -2.2238367e+04   0.0000000e+00
   2.6800000e+00  -2.2340892e+04   0.0000000e+00
   2.6840000e+00  -2.2443663e+04   0.0000000e+00
   2.6880000e+00  -2.2546684e+04   0.0000000e+00
   2.6920000e+00  -2.2649953e+04   0.0000000e+00
   2.6960000e+00  -2.2753472e+04   0.0000000e+00
   2.7000000e+00  -2.2857242e+04   0.0000000e+00
   2.7040000e+00  -2.2961265e+04   0.0000000e+00
   2.7080000e+00  -2.3065539e+04   0.0000000e+00
   2.7120000e+00  -2.3170068e+04   0.0000000e+00
   2.7160000e+00  -2.3274851e+04   0.0000000e+00
   2.7200000e+00  -2.3379890e+04   0.0000000e+00
   2.7240000e+00  -2.3485186e+04   0.0000000e+00
   2.7280000e+00  -2.3590738e+04   0.0000000e+00
   2.7320000e+00  -2.3696550e+04   0.0000000e+00
   2.7360000e+00  -2.3802620e+04   0.0000000e+00
   2.7400000e+00  -2.3908951e+04   0.0000000e+00
   2.7440000e+00  -2.4015543e+04   0.0000000e+00
   2.7480000e+00  -2.4122397e+04   0.0000000e+00
   2.7520000e+00  -2.4229515e+04   0.0000000e+00
   2.7560000e+00  -2.4336896e+04   0.0000000e+00
   2.7600000e+00  -2.4444543e+04   0.0000000e+00
   2.7640000e+00  -2.4552456e+04   0.0000000e+00
   2.7680000e+00  -2.4660636e+04   0.0000000e+00
   2.7720000e+00  -2.4769084e+04   0.0000000e+00
   2.7760000e+00  -2.4877801e+04   0.0000000e+00
   2.7800000e+00  -2.4986789e+04   0.0000000e+00
   2.7840000e+00  -2.5096047e+04   0.0000000e+00
   2.7880000e+00  -2.5205578e+04   0.0000000e+00
   2.7920000e+00  -2.5315382e+04   0.0000000e+00
   2.7960000e+00  -2.5425459e+04   0.0000000e+00
   2.8000000e+00  -2.5535812e+04   0.0000000e+00
   2.8040000e+00  -2.5646442e+04   0.0000000e+00
   2.8080000e+00  -2.5757348e+04   0.0000000e+00
   2.8120000e+00  -2.5868533e+04   0.0000000e+00
   2.8160000e+00  -2.5979997e+04   0.0000000e+00
   2.8200000e+00  -2.6091742e+04   0.0000000e+00
   2.8240000e+00  -2.6203768e+04   0.0000000e+00
   2.8280000e+00  -2.6316077e+04   0.0000000e+00
   2.8320000e+00  -2.6428669e+04   0.0000000e+00
   2.8360000e+00  -2.6541546e+04   0.0000000e+00
   2.8400000e+00  -2.6654709e+04   0.0000000e+00
   2.8440000e+00  -2.6768158e+04   0.0000000e+00
   2.8480000e+00  -2.6881896e+04   0.0000000e+00
   2.8520000e+00  -2.6995922e+04   0.0000000e+00
   2.8560000e+00  -2.7110239e+04   0.0000000e+00
   2.8600000e+00  -2.7224847e+04   0.0000000e+00
   2.8640000e+00  -2.7339747e+04   0.0000000e+00
   2.8680000e+00  -2.7454941e+04   0.0000000e+00
   2.8720000e+00  -2.7570430e+04   0.0000000e+00
   2.8760000e+00  -2.7686214e+04   0.0000000e+00
   2.8800000e+00  -2.7802295e+04   0.0000000e+00
   2.8840000e+00  -2.7918674e+04   0.0000000e+00
   2.8880000e+00  -2.8035352e+04   0.0000000e+00
   2.8920000e+00  -2.8152331e+04   0.0000000e+00
   2.8960000e+00  -2.8269611e+04   0.0000000e+00
   2.9000000e+00  -2.8387194e+04   0.0000000e+00
   2.9040000e+00  -2.8505080e+04   0.0000000e+00
   2.9080000e+00  -2.8623272e+04   0.0000000e+00
   2.9120000e+00  -2.8741769e+04   0.0000000e+00
   2.9160000e+00  -2.8860575e+04   0.0000000e+00
   2.9200000e+00  -2.8979688e+04   0.0000000e+00
   2.9240000e+00  -2.9099112e+04   0.0000000e+00
   2.9280000e+00  -2.9218846e+04   0.0000000e+00
   2.9320000e+00  -2.9338893e+04   0.0000000e+00
   2.9360000e+00  -2.9459253e+04   0.0000000e+00
   2.9400000e+00  -2.9579928e+04   0.0000000e+00
   2.9440000e+00  -2.9700919e+04   0.0000000e+00
   2.9480000e+00  -2.9822227e+04   0.0000000e+00
   2.9520000e+00  -2.9943853e+04   0.0000000e+00
   2.9560000e+00  -3.0065799e+04   0.0000000e+00
   2.9600000e+00  -3.0188066e+04   0.0000000e+00
   2.9640000e+00  -3.0310655e+04   0.0000000e+00
   2.9680000e+00  -3.0433567e+04   0.0000000e+00
   2.9720000e+00  -3.0556804e+04   0.0000000e+00
   2.9760000e+00  -3.0680368e+04   0.0000000e+00
   2.9800000e+00  -3.0804258e+04   0.0000000e+00
   2.9840000e+00  -3.0928477e+04   0.0000000e+00
   2.9880000e+00  -3.1053027e+04   0.0000000e+00
   2.9920000e+00  -3.1177907e+04   0.0000000e+00
   2.9960000e+00  -3.1303120e+04   0.0000000e+00
   3.0000000e+00  -3.1428667e+04   0.0000000e+00
   3.0040000e+00  -3.1554549e+04   0.0000000e+00
   3.0080000e+00  -3.1680767e+04   0.0000000e+00
   3.0120000e+00  -3.1807324e+04   0.0000000e+00
   3.0160000e+00  -3.1934220e+04   0.0000000e+00
   3.0200000e+00  -3.2061456e+04   0.0000000e+00
   3.0240000e+00  -3.2189035e+04   0.0000000e+00
   3.0280000e+00  -3.2316957e+04   0.0000000e+00
   3.0320000e+00  -3.2445224e+04   0.0000000e+00
   3.0360000e+00  -3.2573837e+04   0.0000000e+00
   3.0400000e+00  -3.2702797e+04   0.0000000e+00
   3.0440000e+00  -3.2832107e+04   0.0000000e+00
   3.0480000e+00  -3.2961767e+04   0.0000000e+00
   3.0520000e+00  -3.3091779e+04   0.0000000e+00
   3.0560000e+00  -3.3222144e+04   0.0000000e+00
   3.0600000e+00  -3.3352864e+04   0.0000000e+00
   3.0640000e+00  -3.3483940e+04   0.0000000e+00
   3.0680000e+00  -3.3615374e+04   0.0000000e+00
   3.0720000e+00  -3.3747167e+04   0.0000000e+00
   3.0760000e+00  -3.3879320e+04   0.0000000e+00
   3.0800000e+00  -3.4011836e+04   0.0000000e+00
   3.0840000e+00  -3.4144715e+04   0.0000000e+00
   3.0880000e+00  -3.4277959e+04   0.0000000e+00
   3.0920000e+00  -3.4411569e+04   0.0000000e+00
   3.0960000e+00  -3.4545548e+04   0.0000000e+00
   3.1000000e+00  -3.4679897e+04   0.0000000e+00
   3.1040000e+00  -3.4814616e+04   0.0000000e+00
   3.1080000e+00  -3.4949708e+04   0.0000000e+00
   3.1120000e+00  -3.5085175e+04   0.0000000e+00
   3.1160000e+00  -3.5221017e+04   0.0000000e+00
   3.1200000e+00  -3.5357236e+04   0.0000000e+00
   3.1240000e+00  -3.5493834e+04   0.0000000e+00
   3.1280000e+00  -3.5630813e+04   0.0000000e+00
   3.1320000e+00  -3.5768174e+04   0.0000000e+00
   3.1360000e+00  -3.5905919e+04   0.0000000e+00
   3.1400000e+00  -3.6044049e+04   0.0000000e+00
   3.1440000e+00  -3.6182566e+04   0.0000000e+00
   3.1480000e+00  -3.6321471e+04   0.0000000e+00
   3.1520000e+00  -3.6460767e+04   0.0000000e+00
   3.1560000e+00  -3.6600454e+04   0.0000000e+00
   3.1600000e+00  -3.6740535e+04   0.0000000e+00
   3.1640000e+00  -3.6881011e+04   0.0000000e+00
   3.1680000e+00  -3.7021884e+04   0.0000000e+00
   3.1720000e+00  -3.7163156e+04   0.0000000e+00
   3.1760000e+00  -3.7304827e+04   0.0000000e+00
   3.1800000e+00  -3.7446901e+04   0.0000000e+00
   3.1840000e+00  -3.7589378e+04   0.0000000e+00
   3.1880000e+00  -3.7732260e+04   0.0000000e+00
   3.1920000e+00  -3.7875550e+04   0.0000000e+00
   3.1960000e+00  -3.8019248e+04   0.0000000e+00
   3.2000000e+00  -3.8163357e+04   0.0000000e+00
   3.2040000e+00  -3.8307878e+04   0.0000000e+00
   3.2080000e+00  -3.8452814e+04   0.0000000e+00
   3.2120000e+00  -3.8598165e+04   0.0000000e+00
   3.2160000e+00  -3.8743934e+04   0.0000000e+00
   3.2200000e+00  -3.8890122e+04   0.0000000e+00
   3.2240000e+00  -3.9036732e+04   0.0000000e+00
   3.2280000e+00  -3.9183765e+04   0.0000000e+00
   3.2320000e+00  -3.9331223e+04   0.0000000e+00
   3.2360000e+00  -3.9479107e+04   0.0000000e+00
   3.2400000e+00  -3.9627420e+04   0.0000000e+00
   3.2440000e+00  -3.9776164e+04   0.0000000e+00
   3.2480000e+00  -3.9925340e+04   0.0000000e+00
   3.2520000e+00  -4.0074951e+04   0.0000000e+00
   3.2560000e+00  -4.0224997e+04   0.0000000e+00
   3.2600000e+00  -4.0375482e+04   0.0000000e+00
   3.2640000e+00  -4.0526406e+04   0.0000000e+00
   3.2680000e+00  -4.0677773e+04   0.0000000e+00
   3.2720000e+00  -4.0829584e+04   0.0000000e+00
   3.2760000e+00  -4.0981840e+04   0.0000000e+00
   3.2800000e+00  -4.1134544e+04   0.0000000e+00
   3.2840000e+00  -4.1287698e+04   0.0000000e+00
   3.2880000e+00  -4.1441304e+04   0.0000000e+00
   3.2920000e+00  -4.1595363e+04   0.0000000e+00
   3.2960000e+00  -4.1749879e+04   0.0000000e+00
   3.3000000e+00  -4.1904852e+04   0.0000000e+00
   3.3040000e+00  -4.2060285e+04   0.0000000e+00
   3.3080000e+00  -4.2216180e+04   0.0000000e+00
   3.3120000e+00  -4.2372539e+04   0.0000000e+00
   3.3160000e+00  -4.2529364e+04   0.0000000e+00
   3.3200000e+00  -4.2686657e+04   0.0000000e+00
   3.3240000e+00  -4.2844420e+04   0.0000000e+00
   3.3280000e+00  -4.3002656e+04   0.0000000e+00
   3.3320000e+00  -4.3161366e+04   0.0000000e+00
   3.3360000e+00  -4.3320553e+04   0.0000000e+00
   3.3400000e+00  -4.3480218e+04   0.0000000e+00
   3.3440000e+00  -4.3640364e+04   0.0000000e+00
   3.3480000e+00  -4.3800994e+04   0.0000000e+00
   3.3520000e+00  -4.3962109e+04   0.0000000e+00
   3.3560000e+00  -4.4123711e+04   0.0000000e+00
   3.3600000e+00  -4.4285803e+04   0.0000000e+00
   3.3640000e+00  -4.4448387e+04   0.0000000e+00
   3.3680000e+00  -4.4611465e+04   0.0000000e+00
   3.3720000e+00  -4.4775040e+04   0.0000000e+00
   3.3760000e+00  -4.4939113e+04   0.0000000e+00
   3.3800000e+00  -4.5103687e+04   0.0000000e+00
   3.3840000e+00  -4.5268765e+04   0.0000000e+00
   3.3880000e+00  -4.5434348e+04   0.0000000e+00
   3.3920000e+00  -4.5600439e+04   0.0000000e+00
   3.3960000e+00  -4.5767040e+04   0.0000000e+00
   3.4000000e+00  -4.5934154e+04   0.0000000e+00
   3.4040000e+00  -4.6101783e+04   0.0000000e+00
   3.4080000e+00  -4.6269929e+04   0.0000000e+00
   3.4120000e+00  -4.6438595e+04   0.0000000e+00
   3.4160000e+00  -4.6607783e+04   0.0000000e+00
   3.4200000e+00  -4.6777496e+04   0.0000000e+00
   3.4240000e+00  -4.6947736e+04   0.0000000e+00
   3.4280000e+00  -4.7118505e+04   0.0000000e+00
   3.4320000e+00  -4.7289807e+04   0.0000000e+00
   3.4360000e+00  -4.7461643e+04   0.0000000e+00
   3.4400000e+00  -4.7634016e+04   0.0000000e+00
   3.4440000e+00  -4.7806928e+04   0.0000000e+00
   3.4480000e+00  -4.7980382e+04   0.0000000e+00
   3.4520000e+00  -4.8154381e+04   0.0000000e+00
   3.4560000e+00  -4.8328928e+04   0.0000000e+00
   3.4600000e+00  -4.8504024e+04   0.0000000e+00
   3.4640000e+00  -4.8679672e+04   0.0000000e+00
   3.4680000e+00  -4.8855875e+04   0.0000000e+00
   3.4720000e+00  -4.9032636e+04   0.0000000e+00
   3.4760000e+00  -4.9209957e+04   0.0000000e+00
   3.4800000e+00  -4.9387841e+04   0.0000000e+00
   3.4840000e+00  -4.9566291e+04   0.0000000e+00
   3.4880000e+00  -4.9745309e+04   0.0000000e+00
   3.4920000e+00  -4.9924898e+04   0.0000000e+00
   3.4960000e+00  -5.0105061e+04   0.0000000e+00
   3.5000000e+00  -5.0285800e+04   0.0000000e+00
   3.5040000e+00  -5.0467119e+04   0.0000000e+00
   3.5080000e+00  -5.0649019e+04   0.0000000e+00
   3.5120000e+00  -5.0831505e+04   0.0000000e+00
   3.5160000e+00  -5.1014578e+04   0.0000000e+00
   3.5200000e+00  -5.1198242e+04   0.0000000e+00
   3.5240000e+00  -5.1382499e+04   0.0000000e+00
   3.5280000e+00  -5.1567353e+04   0.0000000e+00
   3.5320000e+00  -5.1752806e+04   0.0000000e+00
   3.5360000e+00  -5.1938860e+04   0.0000000e+00
   3.5400000e+00  -5.2125520e+04   0.0000000e+00
   3.5440000e+00  -5.2312788e+04   0.0000000e+00
   3.5480000e+00  -5.2500667e+04   0.0000000e+00
   3.5520000e+00  -5.2689160e+04   0.0000000e+00
   3.5560000e+00  -5.2878270e+04   0.0000000e+00
   3.5600000e+00  -5.3068000e+04   0.0000000e+00
   3.5640000e+00  -5.3258353e+04   0.0000000e+00
   3.5680000e+00  -5.3449332e+04   0.0000000e+00
   3.5720000e+00  -5.3640941e+04   0.0000000e+00
   3.5760000e+00  -5.3833182e+04   0.0000000e+00
   3.5800000e+00  -5.4026058e+04   0.0000000e+00
   3.5840000e+00  -5.4219573e+04   0.0000000e+00
   3.5880000e+00  -5.4413730e+04   0.0000000e+00
   3.5920000e+00  -5.4608532e+04   0.0000000e+00
   3.5960000e+00  -5.4803982e+04   0.0000000e+00
   3.6000000e+00  -5.5000083e+04   0.0000000e+00
   3.6040000e+00  -5.5196840e+04   0.0000000e+00
   3.6080000e+00  -5.5394254e+04   0.0000000e+00
   3.6120000e+00  -5.5592330e+04   0.0000000e+00
   3.6160000e+00  -5.5791070e+04   0.0000000e+00
   3.6200000e+00  -5.5990479e+04   0.0000000e+00
   3.6240000e+00  -5.6190559e+04   0.0000000e+00
   3.6280000e+00  -5.6391314e+04   0.0000000e+00
   3.6320000e+00  -5.6592747e+04   0.0000000e+00
   3.6360000e+00  -5.6794861e+04   0.0000000e+00
   3.6400000e+00  -5.6997661e+04   0.0000000e+00
   3.6440000e+00  -5.7201149e+04   0.0000000e+00
   3.6480000e+00  -5.7405330e+04   0.0000000e+00
   3.6520000e+00  -5.7610206e+04   0.0000000e+00
   3.6560000e+00  -5.7815782e+04   0.0000000e+00
   3.6600000e+00  -5.8022060e+04   0.0000000e+00
   3.6640000e+00  -5.8229045e+04   0.0000000e+00
   3.6680000e+00  -5.8436739e+04   0.0000000e+00
   3.6720000e+00  -5.8645148e+04   0.0000000e+00
   3.6760000e+00  -5.8854274e+04   0.0000000e+00
   3.6800000e+00  -5.9064121e+04   0.0000000e+00
   3.6840000e+00  -5.9274693e+04   0.0000000e+00
   3.6880000e+00  -5.9485993e+04   0.0000000e+00
   3.6920000e+00  -5.9698026e+04   0.0000000e+00
   3.6960000e+00  -5.9910795e+04   0.0000000e+00
   3.7000000e+00  -6.0124304e+04   0.0000000e+00
   3.7040000e+00  -6.0338557e+04   0.0000000e+00
   3.7080000e+00  -6.0553558e+04   0.0000000e+00
   3.7120000e+00  -6.0769311e+04   0.0000000e+00
   3.7160000e+00  -6.0985820e+04   0.0000000e+00
   3.7200000e+00  -6.1203088e+04   0.0000000e+00
   3.7240000e+00  -6.1421120e+04   0.0000000e+00
   3.7280000e+00  -6.1639919e+04   0.0000000e+00
   3.7320000e+00  -6.1859490e+04   0.0000000e+00
   3.7360000e+00  -6.2079837e+04   0.0000000e+00
   3.7400000e+00  -6.2300965e+04   0.0000000e+00
   3.7440000e+00  -6.2522876e+04   0.0000000e+00
   3.7480000e+00  -6.2745575e+04   0.0000000e+00
   3.7520000e+00  -6.2969068e+04   0.0000000e+00
   3.7560000e+00  -6.3193357e+04   0.0000000e+00
   3.7600000e+00  -6.3418446e+04   0.0000000e+00
   3.7640000e+00  -6.3644342e+04   0.0000000e+00
   3.7680000e+00  -6.3871047e+04   0.0000000e+00
   3.7720000e+00  -6.4098566e+04   0.0000000e+00
   3.7760000e+00  -6.4326903e+04   0.0000000e+00
   3.7800000e+00  -6.4556063e+04   0.0000000e+00
   3.7840000e+00  -6.4786051e+04   0.0000000e+00
   3.7880000e+00  -6.5016870e+04   0.0000000e+00
   3.7920000e+00  -6.5248525e+04   0.0000000e+00
   3.7960000e+00  -6.5481022e+04   0.0000000e+00
   3.8000000e+00  -6.5714364e+04   0.0000000e+00
   3.8040000e+00  -6.5948556e+04   0.0000000e+00
   3.8080000e+00  -6.6183602e+04   0.0000000e+00
   3.8120000e+00  -6.6419508e+04   0.0000000e+00
   3.8160000e+00  -6.6656278e+04   0.0000000e+00
   3.8200000e+00  -6.6893917e+04   0.0000000e+00
   3.8240000e+00  -6.7132430e+04   0.0000000e+00
   3.8280000e+00  -6.7371821e+04   0.0000000e+00
   3.8320000e+00  -6.7612096e+04   0.0000000e+00
   3.8360000e+00  -6.7853259e+04   0.0000000e+00
   3.8400000e+00  -6.8095315e+04   0.0000000e+00
   3.8440000e+00  -6.8338269e+04   0.0000000e+00
   3.8480000e+00  -6.8582126e+04   0.0000000e+00
   3.8520000e+00  -6.8826892e+04   0.0000000e+00
   3.8560000e+00  -6.9072571e+04   0.0000000e+00
   3.8600000e+00  -6.9319168e+04   0.0000000e+00
   3.8640000e+00  -6.9566689e+04   0.0000000e+00
   3.8680000e+00  -6.9815139e+04   0.0000000e+00
   3.8720000e+00  -7.0064523e+04   0.0000000e+00
   3.8760000e+00  -7.0314846e+04   0.0000000e+00
   3.8800000e+00  -7.0566113e+04   0.0000000e+00
   3.8840000e+00  -7.0818331e+04   0.0000000e+00
   3.8880000e+00  -7.1071504e+04   0.0000000e+00
   3.8920000e+00  -7.1325638e+04   0.0000000e+00
   3.8960000e+00  -7.1580738e+04   0.0000000e+00
   3.9000000e+00  -7.1836810e+04   0.0000000e+00
   3.9040000e+00  -7.2093859e+04   0.0000000e+00
   3.9080000e+00  -7.2351891e+04   0.0000000e+00
   3.9120000e+00  -7.2610912e+04   0.0000000e+00
   3.9160000e+00  -7.2870927e+04   0.0000000e+00
   3.9200000e+00  -7.3131942e+04   0.0000000e+00
   3.9240000e+00  -7.3393963e+04   0.0000000e+00
   3.9280000e+00  -7.3656996e+04   0.0000000e+00
   3.9320000e+00  -7.3921046e+04   0.0000000e+00
   3.9360000e+00  -7.4186120e+04   0.0000000e+00
   3.9400000e+00  -7.4452223e+04   0.0000000e+00
   3.9440000e+00  -7.4719362e+04   0.0000000e+00
   3.9480000e+00  -7.4987542e+04   0.0000000e+00
   3.9520000e+00  -7.5256770e+04   0.0000000e+00
   3.9560000e+00  -7.5527051e+04   0.0000000e+00
   3.9600000e+00  -7.5798392e+04   0.0000000e+00
   3.9640000e+00  -7.6070800e+04   0.0000000e+00
   3.9680000e+00  -7.6344280e+04   0.0000000e+00
   3.9720000e+00  -7.6618838e+04   0.0000000e+00
   3.9760000e+00  -7.6894482e+04   0.0000000e+00
   3.9800000e+00  -7.7171218e+04   0.0000000e+00
   3.9840000e+00  -7.7449052e+04   0.0000000e+00
   3.9880000e+00  -7.7727990e+04   0.0000000e+00
   3.9920000e+00  -7.8008040e+04   0.0000000e+00
   3.9960000e+00  -7.8289208e+04   0.0000000e+00
   4.0000000e+00  -7.8571500e+04   0.0000000e+00
   4.0040000e+00  -7.8854924e+04   0.0000000e+00
   4.0080000e+00  -7.9139486e+04   0.0000000e+00
   4.0120000e+00  -7.9425193e+04   0.0000000e+00
   4.0160000e+00  -7.9712052e+04   0.0000000e+00
   4.0200000e+00  -8.0000071e+04   0.0000000e+00
   4.0240000e+00  -8.0289255e+04   0.0000000e+00
   4.0280000e+00  -8.0579613e+04   0.0000000e+00
   4.0320000e+00  -8.0871150e+04   0.0000000e+00
   4.0360000e+00  -8.1163876e+04   0.0000000e+00
   4.0400000e+00  -8.1457796e+04   0.0000000e+00
   4.0440000e+00  -8.1752918e+04   0.0000000e+00
   4.0480000e+00  -8.2049250e+04   0.0000000e+00
   4.0520000e+00  -8.2346799e+04   0.0000000e+00
   4.0560000e+00  -8.2645572e+04   0.0000000e+00
   4.0600000e+00  -8.2945577e+04   0.0000000e+00
   4.0640000e+00  -8.3246822e+04   0.0000000e+00
   4.0680000e+00  -8.3549315e+04   0.0000000e+00
   4.0720000e+00  -8.3853062e+04   0.0000000e+00
   4.0760000e+00  -8.4158073e+04   0.0000000e+00
   4.0800000e+00  -8.4464354e+04   0.0000000e+00
   4.0840000e+00  -8.4771914e+04   0.0000000e+00
   4.0880000e+00  -8.5080762e+04   0.0000000e+00
   4.0920000e+00  -8.5390904e+04   0.0000000e+00
   4.0960000e+00  -8.5702349e+04   0.0000000e+00
   4.1000000e+00  -8.6015105e+04   0.0000000e+00
   4.1040000e+00  -8.6329181e+04   0.0000000e+00
   4.1080000e+00  -8.6644586e+04   0.0000000e+00
   4.1120000e+00  -8.6961326e+04   0.0000000e+00
   4.1160000e+00  -8.7279412e+04   0.0000000e+00
   4.1200000e+00  -8.7598851e+04   0.0000000e+00
   4.1240000e+00  -8.7919652e+04   0.0000000e+00
   4.1280000e+00  -8.8241825e+04   0.0000000e+00
   4.1320000e+00  -8.8565377e+04   0.0000000e+00
   4.1360000e+00  -8.8890318e+04   0.0000000e+00
   4.1400000e+00  -8.9216656e+04   0.0000000e+00
   4.1440000e+00  -8.9544401e+04   0.0000000e+00
   4.1480000e+00  -8.9873562e+04   0.0000000e+00
   4.1520000e+00  -9.0204147e+04   0.0000000e+00
   4.1560000e+00  -9.0536167e+04   0.0000000e+00
   4.1600000e+00  -9.0869630e+04   0.0000000e+00
   4.1640000e+00  -9.1204547e+04   0.0000000e+00
   4.1680000e+00  -9.1540926e+04   0.0000000e+00
   4.1720000e+00  -9.1878777e+04   0.0000000e+00
   4.1760000e+00  -9.2218110e+04   0.0000000e+00
   4.1800000e+00  -9.2558934e+04   0.0000000e+00
   4.1840000e+00  -9.2901260e+04   0.0000000e+00
   4.1880000e+00  -9.3245097e+04   0.0000000e+00
   4.1920000e+00  -9.3590456e+04   0.0000000e+00
   4.1960000e+00  -9.3937346e+04   0.0000000e+00
   4.2000000e+00  -9.4285778e+04   0.0000000e+00
   4.2040000e+00  -9.4635762e+04   0.0000000e+00
   4.2080000e+00  -9.4987308e+04   0.0000000e+00
   4.2120000e+00  -9.5340427e+04   0.0000000e+00
   4.2160000e+00  -9.5695130e+04   0.0000000e+00
   4.2200000e+00  -9.6051427e+04   0.0000000e+00
   4.2240000e+00  -9.6409329e+04   0.0000000e+00
   4.2280000e+00  -9.6768847e+04   0.0000000e+00
   4.2320000e+00  -9.7129991e+04   0.0000000e+00
   4.2360000e+00  -9.7492773e+04   0.0000000e+00
   4.2400000e+00  -9.7857205e+04   0.0000000e+00
   4.2440000e+00  -9.8223296e+04   0.0000000e+00
   4.2480000e+00  -9.8591059e+04   0.0000000e+00
   4.2520000e+00  -9.8960506e+04   0.0000000e+00
   4.2560000e+00  -9.9331647e+04   0.0000000e+00
   4.2600000e+00  -9.9704494e+04   0.0000000e+00
   4.2640000e+00  -1.0007906e+05   0.0000000e+00
   4.2680000e+00  -1.0045536e+05   0.0000000e+00
   4.2720000e+00  -1.0083339e+05   0.0000000e+00
   4.2760000e+00  -1.0121319e+05   0.0000000e+00
   4.2800000e+00  -1.0159474e+05   0.0000000e+00
   4.2840000e+00  -1.0197808e+05   0.0000000e+00
   4.2880000e+00  -1.0236321e+05   0.0000000e+00
   4.2920000e+00  -1.0275014e+05   0.0000000e+00
   4.2960000e+00  -1.0313889e+05   0.0000000e+00
   4.3000000e+00  -1.0352947e+05   0.0000000e+00
   4.3040000e+00  -1.0392189e+05   0.0000000e+00
   4.3080000e+00  -1.0431617e+05   0.0000000e+00
   4.3120000e+00  -1.0471231e+05   0.0000000e+00
   4.3160000e+00  -1.0511034e+05   0.0000000e+00
   4.3200000e+00  -1.0551026e+05   0.0000000e+00
   4.3240000e+00  -1.0591209e+05   0.0000000e+00
   4.3280000e+00  -1.0631585e+05   0.0000000e+00
   4.3320000e+00  -1.0672154e+05   0.0000000e+00
   4.3360000e+00  -1.0712918e+05   0.0000000e+00
   4.3400000e+00  -1.0753878e+05   0.0000000e+00
   4.3440000e+00  -1.0795037e+05   0.0000000e+00
   4.3480000e+00  -1.0836394e+05   0.0000000e+00
   4.3520000e+00  -1.0877953e+05   0.0000000e+00
   4.3560000e+00  -1.0919714e+05   0.0000000e+00
   4.3600000e+00  -1.0961678e+05   0.0000000e+00
   4.3640000e+00  -1.1003848e+05   0.0000000e+00
   4.3680000e+00  -1.1046224e+05   0.0000000e+00
   4.3720000e+00  -1.1088809e+05   0.0000000e+00
   4.3760000e+00  -1.1131603e+05   0.0000000e+00
   4.3800000e+00  -1.1174609e+05   0.0000000e+00
   4.3840000e+00  -1.1217827e+05   0.0000000e+00
   4.3880000e+00  -1.1261260e+05   0.0000000e+00
   4.3920000e+00  -1.1304909e+05   0.0000000e+00
   4.3960000e+00  -1.1348776e+05   0.0000000e+00
   4.4000000e+00  -1.1392863e+05   0.0000000e+00
   4.4040000e+00  -1.1437170e+05   0.0000000e+00
   4.4080000e+00  -1.1481699e+05   0.0000000e+00
   4.4120000e+00  -1.1526454e+05   0.0000000e+00
   4.4160000e+00  -1.1571434e+05   0.0000000e+00
   4.4200000e+00  -1.1616642e+05   0.0000000e+00
   4.4240000e+00  -1.1662079e+05   0.0000000e+00
   4.4280000e+00  -1.1707748e+05   0.0000000e+00
   4.4320000e+00  -1.1753649e+05   0.0000000e+00
   4.4360000e+00  -1.1799786e+05   0.0000000e+00
   4.4400000e+00  -1.1846159e+05   0.0000000e+00
   4.4440000e+00  -1.1892770e+05   0.0000000e+00
   4.4480000e+00  -1.1939622e+05   0.0000000e+00
   4.4520000e+00  -1.1986716e+05   0.0000000e+00
   4.4560000e+00  -1.2034054e+05   0.0000000e+00
   4.4600000e+00  -1.2081638e+05   0.0000000e+00
   4.4640000e+00  -1.2129469e+05   0.0000000e+00
   4.4680000e+00  -1.2177551e+05   0.0000000e+00
   4.4720000e+00  -1.2225884e+05   0.0000000e+00
   4.4760000e+00  -1.2274471e+05   0.0000000e+00
   4.4800000e+00  -1.2323313e+05   0.0000000e+00
   4.4840000e+00  -1.2372413e+05   0.0000000e+00
   4.4880000e+00  -1.2421774e+05   0.0000000e+00
   4.4920000e+00  -1.2471395e+05   0.0000000e+00
   4.4960000e+00  -1.2521281e+05   0.0000000e+00
   4.5000000e+00  -1.2571433e+05   0.0000000e+00
   4.5040000e+00  -1.2621853e+05   0.0000000e+00
   4.5080000e+00  -1.2672544e+05   0.0000000e+00
   4.5120000e+00  -1.2723507e+05   0.0000000e+00
   4.5160000e+00  -1.2774745e+05   0.0000000e+00
   4.5200000e+00  -1.2826259e+05   0.0000000e+00
   4.5240000e+00  -1.2878053e+05   0.0000000e+00
   4.5280000e+00  -1.2930129e+05   0.0000000e+00
   4.5320000e+00  -1.2982488e+05   0.0000000e+00
   4.5360000e+00  -1.3035133e+05   0.0000000e+00
   4.5400000e+00  -1.3088067e+05   0.0000000e+00
   4.5440000e+00  -1.3141292e+05   0.0000000e+00
   4.5480000e+00  -1.3194810e+05   0.0000000e+00
   4.5520000e+00  -1.3248623e+05   0.0000000e+00
   4.5560000e+00  -1.3302735e+05   0.0000000e+00
   4.5600000e+00  -1.3357147e+05   0.0000000e+00
   4.5640000e+00  -1.3411863e+05   0.0000000e+00
   4.5680000e+00  -1.3466884e+05   0.0000000e+00
   4.5720000e+00  -1.3522213e+05   0.0000000e+00
   4.5760000e+00  -1.3577853e+05   0.0000000e+00
   4.5800000e+00  -1.3633807e+05   0.0000000e+00
   4.5840000e+00  -1.3690077e+05   0.0000000e+00
   4.5880000e+00  -1.3746665e+05   0.0000000e+00
   4.5920000e+00  -1.3803576e+05   0.0000000e+00
   4.5960000e+00  -1.3860810e+05   0.0000000e+00
   4.6000000e+00  -1.3918371e+05   0.0000000e+00
   4.6040000e+00  -1.3976263e+05   0.0000000e+00
   4.6080000e+00  -1.4034487e+05   0.0000000e+00
   4.6120000e+00  -1.4093046e+05   0.0000000e+00
   4.6160000e+00  -1.4151945e+05   0.0000000e+00
   4.6200000e+00  -1.4211184e+05   0.0000000e+00
   4.6240000e+00  -1.4270768e+05   0.0000000e+00
   4.6280000e+00  -1.4330699e+05   0.0000000e+00
   4.6320000e+00  -1.4390981e+05   0.0000000e+00
   4.6360000e+00  -1.4451617e+05   0.0000000e+00
   4.6400000e+00  -1.4512609e+05   0.0000000e+00
   4.6440000e+00  -1.4573961e+05   0.0000000e+00
   4.6480000e+00  -1.4635676e+05   0.0000000e+00
   4.6520000e+00  -1.4697757e+05   0.0000000e+00
   4.6560000e+00  -1.4760208e+05   0.0000000e+00
   4.6600000e+00  -1.4823031e+05   0.0000000e+00
   4.6640000e+00  -1.4886231e+05   0.0000000e+00
   4.6680000e+00  -1.4949811e+05   0.0000000e+00
   4.6720000e+00  -1.5013773e+05   0.0000000e+00
   4.6760000e+00  -1.5078122e+05   0.0000000e+00
   4.6800000e+00  -1.5142861e+05   0.0000000e+00
   4.6840000e+00  -1.5207993e+05   0.0000000e+00
   4.6880000e+00  -1.5273523e+05   0.0000000e+00
   4.6920000e+00  -1.5339453e+05   0.0000000e+00
   4.6960000e+00  -1.5405788e+05   0.0000000e+00
   4.7000000e+00  -1.5472531e+05   0.0000000e+00
   4.7040000e+00  -1.5539686e+05   0.0000000e+00
   4.7080000e+00  -1.5607257e+05   0.0000000e+00
   4.7120000e+00  -1.5675247e+05   0.0000000e+00
   4.7160000e+00  -1.5743661e+05   0.0000000e+00
   4.7200000e+00  -1.5812503e+05   0.0000000e+00
   4.7240000e+00  -1.5881776e+05   0.0000000e+00
   4.7280000e+00  -1.5951486e+05   0.0000000e+00
   4.7320000e+00  -1.6021634e+05   0.0000000e+00
   4.7360000e+00  -1.6092227e+05   0.0000000e+00
   4.7400000e+00  -1.6163268e+05   0.0000000e+00
   4.7440000e+00  -1.6234762e+05   0.0000000e+00
   4.7480000e+00  -1.6306712e+05   0.0000000e+00
   4.7520000e+00  -1.6379124e+05   0.0000000e+00
   4.7560000e+00  -1.6452001e+05   0.0000000e+00
   4.7600000e+00  -1.6525348e+05   0.0000000e+00
   4.7640000e+00  -1.6599171e+05   0.0000000e+00
   4.7680000e+00  -1.6673472e+05   0.0000000e+00
   4.7720000e+00  -1.6748258e+05   0.0000000e+00
   4.7760000e+00  -1.6823532e+05   0.0000000e+00
   4.7800000e+00  -1.6899300e+05   0.0000000e+00
   4.7840000e+00  -1.6975566e+05   0.0000000e+00
   4.7880000e+00  -1.7052336e+05   0.0000000e+00
   4.7920000e+00  -1.7129615e+05   0.0000000e+00
   4.7960000e+00  -1.7207406e+05   0.0000000e+00
   4.8000000e+00  -1.7285717e+05   0.0000000e+00
   4.8040000e+00  -1.7364551e+05   0.0000000e+00
   4.8080000e+00  -1.7443914e+05   0.0000000e+00
   4.8120000e+00  -1.7523812e+05   0.0000000e+00
   4.8160000e+00  -1.7604249e+05   0.0000000e+00
   4.8200000e+00  -1.7685232e+05   0.0000000e+00
   4.8240000e+00  -1.7766766e+05   0.0000000e+00
   4.8280000e+00  -1.7848856e+05   0.0000000e+00
   4.8320000e+00  -1.7931509e+05   0.0000000e+00
   4.8360000e+00  -1.8014730e+05   0.0000000e+00
   4.8400000e+00  -1.8098524e+05   0.0000000e+00
   4.8440000e+00  -1.8182899e+05   0.0000000e+00
   4.8480000e+00  -1.8267859e+05   0.0000000e+00
   4.8520000e+00  -1.8353411e+05   0.0000000e+00
   4.8560000e+00  -1.8439562e+05   0.0000000e+00
   4.8600000e+00  -1.8526318e+05   0.0000000e+00
   4.8640000e+00  -1.8613684e+05   0.0000000e+00
   4.8680000e+00  -1.8701667e+05   0.0000000e+00
   4.8720000e+00  -1.8790275e+05   0.0000000e+00
   4.8760000e+00  -1.8879514e+05   0.0000000e+00
   4.8800000e+00  -1.8969389e+05   0.0000000e+00
   4.8840000e+00  -1.9059909e+05   0.0000000e+00
   4.8880000e+00  -1.9151081e+05   0.0000000e+00
   4.8920000e+00  -1.9242910e+05   0.0000000e+00
   4.8960000e+00  -1.9335405e+05   0.0000000e+00
   4.9000000e+00  -1.9428573e+05   0.0000000e+00
   4.9040000e+00  -1.9522420e+05   0.0000000e+00
   4.9080000e+00  -1.9616956e+05   0.0000000e+00
   4.9120000e+00  -1.9712186e+05   0.0000000e+00
   4.9160000e+00  -1.9808119e+05   0.0000000e+00
   4.9200000e+00  -1.9904763e+05   0.0000000e+00
   4.9240000e+00  -2.0002125e+05   0.0000000e+00
   4.9280000e+00  -2.0100214e+05   0.0000000e+00
   4.9320000e+00  -2.0199038e+05   0.0000000e+00
   4.9360000e+00  -2.0298605e+05   0.0000000e+00
   4.9400000e+00  -2.0398923e+05   0.0000000e+00
   4.9440000e+00  -2.0500001e+05   0.0000000e+00
   4.9480000e+00  -2.0601848e+05   0.0000000e+00
   4.9520000e+00  -2.0704472e+05   0.0000000e+00
   4.9560000e+00  -2.0807882e+05   0.0000000e+00
   4.9600000e+00  -2.0912088e+05   0.0000000e+00
   4.9640000e+00  -2.1017099e+05   0.0000000e+00
   4.9680000e+00  -2.1122924e+05   0.0000000e+00
   4.9720000e+00  -2.1229572e+05   0.0000000e+00
   4.9760000e+00  -2.1337054e+05   0.0000000e+00
   4.9800000e+00  -2.1445378e+05   0.0000000e+00
   4.9840000e+00  -2.1554556e+05   0.0000000e+00
   4.9880000e+00  -2.1664596e+05   0.0000000e+00
   4.9920000e+00  -2.1775510e+05   0.0000000e+00
   4.9960000e+00  -2.1887308e+05   0.0000000e+00
   5.0000000e+00  -2.2000000e+05   0.0000000e+00
   5.0040000e+00  -2.1996526e+05   0.0000000e+00
   5.0080000e+00  -2.1986107e+05   0.0000000e+00
   5.0120000e+00  -2.1968748e+05   0.0000000e+00
   5.0160000e+00  -2.1944461e+05   0.0000000e+00
   5.0200000e+00  -2.1913262e+05   0.0000000e+00
   5.0240000e+00  -2.1875169e+05   0.0000000e+00
   5.0280000e+00  -2.1830208e+05   0.0000000e+00
   5.0320000e+00  -2.1778406e+05   0.0000000e+00
   5.0360000e+00  -2.1719796e+05   0.0000000e+00
   5.0400000e+00  -2.1654415e+05   0.0000000e+00
   5.0440000e+00  -2.1582304e+05   0.0000000e+00
   5.0480000e+00  -2.1503510e+05   0.0000000e+00
   5.0520000e+00  -2.1418081e+05   0.0000000e+00
   5.0560000e+00  -2.1326072e+05   0.0000000e+00
   5.0600000e+00  -2.1227541e+05   0.0000000e+00
   5.0640000e+00  -2.1122550e+05   0.0000000e+00
   5.0680000e+00  -2.1011166e+05   0.0000000e+00
   5.0720000e+00  -2.0893458e+05   0.0000000e+00
   5.0760000e+00  -2.0769501e+05   0.0000000e+00
   5.0800000e+00  -2.0639373e+05   0.0000000e+00
   5.0840000e+00  -2.0503158e+05   0.0000000e+00
   5.0880000e+00  -2.0360939e+05   0.0000000e+00
   5.0920000e+00  -2.0212808e+05   0.0000000e+00
   5.0960000e+00  -2.0058859e+05   0.0000000e+00
   5.1000000e+00  -1.9899187e+05   0.0000000e+00
   5.1040000e+00  -1.9733894e+05   0.0000000e+00
   5.1080000e+00  -1.9563085e+05   0.0000000e+00
   5.1120000e+00  -1.9386868e+05   0.0000000e+00
   5.1160000e+00  -1.9205353e+05   0.0000000e+00
   5.1200000e+00  -1.9018655e+05   0.0000000e+00
   5.1240000e+00  -1.8826892e+05   0.0000000e+00
   5.1280000e+00  -1.8630186e+05   0.0000000e+00
   5.1320000e+00  -1.8428661e+05   0.0000000e+00
   5.1360000e+00  -1.8222443e+05   0.0000000e+00
   5.1400000e+00  -1.8011664e+05   0.0000000e+00
   5.1440000e+00  -1.7796456e+05   0.0000000e+00
   5.1480000e+00  -1.7576955e+05   0.0000000e+00
   5.1520000e+00  -1.7353300e+05   0.0000000e+00
   5.1560000e+00  -1.7125632e+05   0.0000000e+00
   5.1600000e+00  -1.6894095e+05   0.0000000e+00
   5.1640000e+00  -1.6658835e+05   0.0000000e+00
   5.1680000e+00  -1.6420001e+05   0.0000000e+00
   5.1720000e+00  -1.6177743e+05   0.0000000e+00
   5.1760000e+00  -1.5932215e+05   0.0000000e+00
   5.1800000e+00  -1.5683572e+05   0.0000000e+00
   5.1840000e+00  -1.5431971e+05   0.0000000e+00
   5.1880000e+00  -1.5177570e+05   0.0000000e+00
   5.1920000e+00  -1.4920531e+05   0.0000000e+00
   5.1960000e+00  -1.4661015e+05   0.0000000e+00
   5.2000000e+00  -1.4399187e+05   0.0000000e+00
   5.2040000e+00  -1.4135212e+05   0.0000000e+00
   5.2080000e+00  -1.3869257e+05   0.0000000e+00
   5.2120000e+00  -1.3601489e+05   0.0000000e+00
   5.2160000e+00  -1.3332078e+05   0.0000000e+00
   5.2200000e+00  -1.3061194e+05   0.0000000e+00
   5.2240000e+00  -1.2789009e+05   0.0000000e+00
   5.2280000e+00  -1.2515693e+05   0.0000000e+00
   5.2320000e+00  -1.2241420e+05   0.0000000e+00
   5.2360000e+00  -1.1966363e+05   0.0000000e+00
   5.2400000e+00  -1.1690696e+05   0.0000000e+00
   5.2440000e+00  -1.1414592e+05   0.0000000e+00
   5.2480000e+00  -1.1138226e+05   0.0000000e+00
   5.2520000e+00  -1.0861774e+05   0.0000000e+00
   5.2560000e+00  -1.0585408e+05   0.0000000e+00
   5.2600000e+00  -1.0309304e+05   0.0000000e+00
   5.2640000e+00  -1.0033637e+05   0.0000000e+00
   5.2680000e+00  -9.7585798e+04   0.0000000e+00
   5.2720000e+00  -9.4843068e+04   0.0000000e+00
   5.2760000e+00  -9.2109912e+04   0.0000000e+00
   5.2800000e+00  -8.9388055e+04   0.0000000e+00
   5.2840000e+00  -8.6679218e+04   0.0000000e+00
   5.2880000e+00  -8.3985110e+04   0.0000000e+00
   5.2920000e+00  -8.1307434e+04   0.0000000e+00
   5.2960000e+00  -7.8647881e+04   0.0000000e+00
   5.3000000e+00  -7.6008131e+04   0.0000000e+00
   5.3040000e+00  -7.3389850e+04   0.0000000e+00
   5.3080000e+00  -7.0794693e+04   0.0000000e+00
   5.3120000e+00  -6.8224299e+04   0.0000000e+00
   5.3160000e+00  -6.5680292e+04   0.0000000e+00
   5.3200000e+00  -6.3164278e+04   0.0000000e+00
   5.3240000e+00  -6.0677846e+04   0.0000000e+00
   5.3280000e+00  -5.8222567e+04   0.0000000e+00
   5.3320000e+00  -5.5799992e+04   0.0000000e+00
   5.3360000e+00  -5.3411651e+04   0.0000000e+00
   5.3400000e+00  -5.1059053e+04   0.0000000e+00
   5.3440000e+00  -4.8743682e+04   0.0000000e+00
   5.3480000e+00  -4.6467003e+04   0.0000000e+00
   5.3520000e+00  -4.4230452e+04   0.0000000e+00
   5.3560000e+00  -4.2035443e+04   0.0000000e+00
   5.3600000e+00  -3.9883361e+04   0.0000000e+00
   5.3640000e+00  -3.7775567e+04   0.0000000e+00
   5.3680000e+00  -3.5713391e+04   0.0000000e+00
   5.3720000e+00  -3.3698136e+04   0.0000000e+00
   5.3760000e+00  -3.1731076e+04   0.0000000e+00
   5.3800000e+00  -2.9813451e+04   0.0000000e+00
   5.3840000e+00  -2.7946474e+04   0.0000000e+00
   5.3880000e+00  -2.6131324e+04   0.0000000e+00
   5.3920000e+00  -2.4369147e+04   0.0000000e+00
   5.3960000e+00  -2.2661056e+04   0.0000000e+00
   5.4000000e+00  -2.1008131e+04   0.0000000e+00
   5.4040000e+00  -1.9411414e+04   0.0000000e+00
   5.4080000e+00  -1.7871916e+04   0.0000000e+00
   5.4120000e+00  -1.6390607e+04   0.0000000e+00
   5.4160000e+00  -1.4968424e+04   0.0000000e+00
   5.4200000e+00  -1.3606265e+04   0.0000000e+00
   5.4240000e+00  -1.2304991e+04   0.0000000e+00
   5.4280000e+00  -1.1065422e+04   0.0000000e+00
   5.4320000e+00  -9.8883432e+03   0.0000000e+00
   5.4360000e+00  -8.7744968e+03   0.0000000e+00
   5.4400000e+00  -7.7245866e+03   0.0000000e+00
   5.4440000e+00  -6.7392757e+03   0.0000000e+00
   5.4480000e+00  -5.8191865e+03   0.0000000e+00
   5.4520000e+00  -4.9649001e+03   0.0000000e+00
   5.4560000e+00  -4.1769561e+03   0.0000000e+00
   5.4600000e+00  -3.4558523e+03   0.0000000e+00
   5.4640000e+00  -2.8020440e+03   0.0000000e+00
   5.4680000e+00  -2.2159442e+03   0.0000000e+00
   5.4720000e+00  -1.6979232e+03   0.0000000e+00
   5.4760000e+00  -1.2483081e+03   0.0000000e+00
   5.4800000e+00  -8.6738286e+02   0.0000000e+00
   5.4840000e+00  -5.5538813e+02   0.0000000e+00
   5.4880000e+00  -3.1252097e+02   0.0000000e+00
   5.4920000e+00  -1.3893477e+02   0.0000000e+00
   5.4960000e+00  -3.4739179e+01   0.0000000e+00
   5.5000000e+00  -0.0000000e+00   0.0000000e+00
