0.00352425	1.51985
0.01449	1.58336
0.0208022	1.67877
0.0255632	1.78481
0.030316	1.88023
0.0335176	1.98629
0.0367192	2.09235
0.0383613	2.19843
0.041563	2.30449
0.0448307	2.49543
0.0464729	2.60151
0.0481151	2.70758
0.0513167	2.81364
0.0529588	2.91972
0.054601	3.0258
0.0562432	3.13188
0.0578853	3.23796
0.0595192	3.33343
0.0627208	3.43949
0.064363	3.54557
0.0660052	3.65164
0.0676473	3.75772
0.0692895	3.8638
0.0920068	4.99878
0.0952085	5.10484
0.0984018	5.20029
0.103163	5.30632
0.109475	5.40173
0.118898	5.48649
0.13134	5.44388
0.137504	5.34831
0.142099	5.24215
0.146695	5.13599
0.149739	5.04045
0.152775	4.93431
0.155811	4.82817
0.158848	4.72203
0.161892	4.6265
0.164928	4.52036
0.167964	4.41422
0.169441	4.3081
0.172477	4.20196
0.173954	4.09584
0.17699	3.9897
0.180034	3.89416
0.181511	3.78804
0.184547	3.6819
0.187583	3.57576
0.18906	3.46964
0.192096	3.3635
0.193573	3.25738
0.196609	3.15124
0.199654	3.05571
0.20113	2.94959
0.20415	2.82223
0.207186	2.71609
0.210222	2.60994
0.211707	2.51443
0.214743	2.40829
0.217779	2.30215
0.220816	2.19601
0.223852	2.08987
0.228456	1.99432
0.231492	1.88818
0.237655	1.7926
0.242251	1.68644
0.248414	1.59087
0.257713	1.51648
0.271764	1.53751
0.279628	1.62229
0.28594	1.71769
0.290701	1.82373
0.293902	1.92979
0.297096	2.02524
0.300297	2.1313
0.301939	2.23737
0.305141	2.34343
0.306783	2.44951
0.309985	2.55557
0.310043	2.62984
0.311685	2.73592
0.313327	2.842
0.316529	2.94806
0.318171	3.05414
0.319813	3.16021
0.321455	3.26629
0.323097	3.37237
0.324731	3.46784
0.326373	3.57392
0.328016	3.68
0.331217	3.78606
0.332859	3.89214
0.334502	3.99822
0.336144	4.1043
0.337786	4.21037
0.339428	4.31645
0.34107	4.42253
0.344272	4.52859
0.345914	4.63467
0.347556	4.74075
0.350758	4.84681
0.352392	4.94228
0.355593	5.04833
0.358795	5.15439
0.363556	5.26043
0.369868	5.35584
0.37618	5.45124
0.388672	5.4723
0.396403	5.38732
0.402567	5.29174
0.407162	5.18558
0.410207	5.09005
0.414802	4.98389
0.417838	4.87775
0.419315	4.77163
0.42236	4.6761
0.425396	4.56995
0.428432	4.46381
0.431468	4.35767
0.432945	4.25155
0.435981	4.14541
0.439017	4.03927
0.440502	3.94376
0.443538	3.83762
0.445015	3.7315
0.448051	3.62536
0.451087	3.51922
0.452564	3.4131
0.4556	3.30695
0.457077	3.20083
0.460121	3.1053
0.463157	2.99916
0.466193	2.89302
0.46767	2.7869
0.470706	2.68076
0.473742	2.57462
0.475219	2.4685
0.478264	2.37297
0.4813	2.26683
0.485895	2.16066
0.488931	2.05452
0.491976	1.95899
0.495012	1.85285
0.501175	1.75728
0.50733	1.6511
0.515061	1.56611
0.527495	1.5129
0.538453	1.5658
0.544765	1.66121
0.551086	1.76723
0.554295	1.8839
0.557497	1.98995
0.560699	2.09601
0.563892	2.19146
0.565534	2.29754
0.568736	2.4036
0.571937	2.50966
0.57358	2.61574
0.575222	2.72181
0.576864	2.82789
0.578523	2.95519
0.580165	3.06127
0.581807	3.16735
0.583449	3.27343
0.585091	3.37951
0.588293	3.48557
0.589935	3.59165
0.591577	3.69772
0.593211	3.79319
0.594853	3.89927
0.596495	4.00535
0.598138	4.11143
0.59978	4.21751
0.602981	4.32357
0.604624	4.42965
0.606266	4.53573
0.609533	4.72666
0.612735	4.83272
0.614377	4.9388
0.617579	5.04486
0.620772	5.14031
0.625533	5.24635
0.630286	5.34177
0.636606	5.44779
0.649115	5.49006
0.658406	5.40506
0.664569	5.30949
0.669173	5.21394
0.672209	5.1078
0.675245	5.00165
0.679849	4.9061
0.681326	4.79998
0.684362	4.69384
0.687398	4.5877
0.690434	4.48156
0.69347	4.37542
0.694955	4.27991
0.699551	4.17375
0.702537	4.00395
0.705573	3.8978
0.70705	3.79168
0.710086	3.68554
0.711563	3.57942
0.714607	3.48389
0.716084	3.37777
0.71912	3.27163
0.722156	3.16549
0.723633	3.05937
0.726669	2.95323
0.728146	2.84711
0.73119	2.75158
0.734226	2.64543
0.737263	2.53929
0.740299	2.43315
0.743335	2.32701
0.746371	2.22087
0.749415	2.12534
0.752452	2.0192
0.755488	1.91306
0.760092	1.81751
0.764687	1.71134
0.770851	1.61577
0.780141	1.53077
0.794159	1.50936
0.803582	1.59412
0.809894	1.68952
0.814655	1.79556
0.817857	1.90162
0.82105	1.99707
0.824252	2.10313
0.827454	2.20918
0.829096	2.31526
0.830738	2.42134
0.833939	2.5274
0.835582	2.63348
0.837224	2.73956
0.838866	2.84564
0.842068	2.9517
0.843701	3.04717
0.845344	3.15324
0.846986	3.25932
0.848628	3.3654
0.85027	3.47148
0.851912	3.57756
0.853554	3.68364
0.858481	4.00188
0.860123	4.10796
0.861765	4.21403
0.864967	4.32009
0.866609	4.42617
0.868251	4.53225
0.869893	4.63833
0.871527	4.7338
0.873161	4.82927
0.876363	4.93533
0.879564	5.04139
0.882758	5.13683
0.887519	5.24287
0.892272	5.3383
0.898584	5.43371
0.911101	5.48659
0.920391	5.40159
0.926554	5.30601
0.93115	5.19985
0.934194	5.10432
0.937231	4.99818
0.940267	4.89204
0.943303	4.7859
0.94478	4.67978
0.947824	4.58425
0.949301	4.47813
0.952337	4.37198
0.953814	4.26586
0.95685	4.15972
0.959886	4.05358
0.961363	3.94746
0.964399	3.84132
0.965875	3.7352
0.96892	3.63967
0.970397	3.53355
0.971873	3.42743
0.974909	3.32129
0.976386	3.21517
0.980866	2.96047
0.982343	2.85435
0.985379	2.7482
0.986855	2.64208
0.989892	2.53594
