#x	Curve1
0.00459722	2.40074
0.00542518	3.27392
0.00704868	4.14693
0.00786854	4.80178
0.0086965	5.67496
0.00952446	6.54814
0.0103524	7.42132
0.0119759	8.29433
0.0127958	8.94917
0.0136237	9.82235
0.0144517	10.6955
0.0152797	11.5687
0.0161076	12.4419
0.0169356	13.3151
0.0177636	14.1883
0.0185834	14.8431
0.0194114	15.7163
0.0202393	16.5895
0.0210673	17.4626
0.0218953	18.3358
0.0219277	19.2092
0.0227556	20.0824
0.0252395	22.7019
0.0260675	23.5751
0.0260999	24.4484
0.0269279	25.3216
0.0277558	26.1948
0.0294361	28.5962
0.030264	29.4694
0.031092	30.3426
0.03192	31.2157
0.0327479	32.0889
0.0335678	32.7438
0.0336002	33.6171
0.0344282	34.4903
0.0394689	41.6944
0.0402969	42.5676
0.0411248	43.4408
0.0419528	44.314
0.0427807	45.1872
0.0436006	45.842
0.043633	46.7154
0.044461	47.5885
0.045289	48.4617
0.0461169	49.3349
0.0469449	50.2081
0.0477728	51.0813
0.0486008	51.9545
0.0494288	52.8276
0.0502486	53.4825
0.0518721	54.3555
0.0527001	55.2287
0.054356	56.975
0.0559795	57.848
0.0567994	58.5029
0.0584229	59.3759
0.0600383	60.0306
0.0616537	60.6852
0.0648439	60.9029
0.0672143	60.4657
0.0695766	59.8101
0.0711353	58.9364
0.072702	58.2811
0.0742607	57.4074
0.0750238	56.5338
0.0765906	55.8785
0.0773537	55.0049
0.0780844	53.2581
0.0781168	54.1314
0.0788475	52.3845
0.0796106	51.511
0.0803737	50.6375
0.0811368	49.7639
0.081908	49.1088
0.0826712	48.2352
0.0834343	47.3617
0.0970163	27.4897
0.0977794	26.6162
0.0985426	25.7427
0.100109	25.0873
0.100872	24.2138
0.101636	23.3403
0.102399	22.4667
0.103162	21.5932
0.103925	20.7197
0.104688	19.8461
0.105459	19.1909
0.107765	17.007
0.108528	16.1335
0.110087	15.2598
0.110858	14.6046
0.111621	13.7311
0.112384	12.8576
0.113943	11.9839
0.114706	11.1103
0.115477	10.4551
0.11624	9.58161
0.117003	8.70808
0.117766	7.83455
0.118529	6.96102
0.119293	6.08749
0.120056	5.21396
0.120819	4.34043
0.12159	3.68524
0.122353	2.81171
0.123116	1.93818
0.123879	1.06466
0.124642	0.191126
0.125406	-0.682403
0.126169	-1.55593
0.126899	-3.30282
0.126932	-2.42946
0.127671	-3.95801
0.128434	-4.83154
0.129197	-5.70506
0.12996	-6.57859
0.130723	-7.45212
0.131486	-8.32565
0.132249	-9.19918
0.133012	-10.0727
0.133751	-11.6013
0.133776	-10.9462
0.134514	-12.4748
0.135277	-13.3483
0.136041	-14.2218
0.136804	-15.0954
0.137567	-15.9689
0.13833	-16.8424
0.139093	-17.716
0.139864	-18.3711
0.140627	-19.2447
0.14139	-20.1182
0.142154	-20.9917
0.143712	-21.8654
0.144475	-22.739
0.145238	-23.6125
0.146002	-24.486
0.146773	-25.1412
0.147536	-26.0147
0.148299	-26.8883
0.149062	-27.7618
0.149825	-28.6353
0.150588	-29.5089
0.15291	-31.2561
0.153673	-32.1296
0.15524	-32.785
0.156003	-33.6585
0.157562	-34.5322
0.158325	-35.4057
0.159892	-36.0611
0.16145	-36.9348
0.162213	-37.8083
0.16378	-38.4637
0.165339	-39.3374
0.166906	-39.9928
0.168464	-40.8665
0.170031	-41.5218
0.171598	-42.1772
0.173156	-43.0509
0.175519	-43.7064
0.177889	-44.1436
0.180251	-44.7992
0.182622	-45.2364
0.185796	-45.4554
0.188978	-45.4561
0.19216	-45.4568
0.195359	-45.0208
0.197761	-44.5847
0.200164	-44.1485
0.202575	-43.494
0.204191	-42.8393
0.205814	-41.9663
0.207429	-41.3117
0.209053	-40.4387
0.210668	-39.784
0.212292	-38.911
0.213907	-38.2563
0.215531	-37.3833
0.216359	-36.5101
0.217179	-35.8553
0.218802	-34.9823
0.21963	-34.1091
0.221254	-33.2361
0.222073	-32.5812
0.223697	-31.7082
0.224525	-30.835
0.225353	-29.9619
0.226968	-29.3072
0.227796	-28.434
0.228624	-27.5608
0.229452	-26.6877
0.231076	-25.8146
0.231895	-25.1598
0.232723	-24.2866
0.233551	-23.4134
0.235175	-22.5404
0.236003	-21.6672
0.236823	-21.0124
0.238446	-20.1394
0.239274	-19.2662
0.240102	-18.393
0.24093	-17.5199
0.24175	-16.865
0.243373	-15.992
0.244201	-15.1188
0.245029	-14.2456
0.246645	-13.591
0.247473	-12.7178
0.248301	-11.8446
0.249129	-10.9714
0.250752	-10.0984
0.251572	-9.44357
0.2524	-8.57039
0.253228	-7.69721
0.254851	-6.8242
0.255671	-6.16936
0.257295	-5.29635
0.258123	-4.42317
0.258951	-3.54999
0.260566	-2.89532
0.261394	-2.02214
0.262222	-1.14896
0.263845	-0.275949
0.264673	0.597233
0.265493	1.25208
0.266321	2.12526
0.267149	2.99844
0.268773	3.87145
0.269601	4.74463
0.270429	5.61781
0.271249	6.27265
0.272076	7.14583
0.2737	8.01884
0.274528	8.89202
0.275356	9.76521
0.276176	10.42
0.277004	11.2932
0.278627	12.1662
0.279455	13.0394
0.280283	13.9126
0.281111	14.7858
0.281939	15.659
0.281963	16.314
0.282791	17.1872
0.283619	18.0603
0.284447	18.9335
0.285275	19.8067
0.286103	20.6799
0.286931	21.5531
0.287759	22.4263
0.288587	23.2994
0.289407	23.9543
0.290235	24.8275
0.290267	25.7008
0.291095	26.574
0.291923	27.4472
0.292751	28.3204
0.293579	29.1935
0.293612	30.0669
0.29444	30.9401
0.295268	31.8133
0.296095	32.6864
0.296923	33.5596
0.298636	36.8344
0.299464	37.7075
0.300292	38.5807
0.30112	39.4539
0.301152	40.3273
0.30198	41.2004
0.3028	41.8553
0.303628	42.7285
0.304456	43.6016
0.305284	44.4748
0.306112	45.348
0.306145	46.2214
0.306972	47.0945
0.3078	47.9677
0.308628	48.8409
0.309456	49.7141
0.310284	50.5873
0.311104	51.2421
0.311137	52.1155
0.311965	52.9887
0.313588	53.8617
0.316064	56.2629
0.316892	57.136
0.318507	57.7907
0.319335	58.6639
0.320959	59.5369
0.32337	60.1914
0.324985	60.8461
0.328175	61.0637
0.330538	60.4082
0.332908	59.971
0.334467	59.0973
0.336033	58.4419
0.336796	57.5684
0.338355	56.6947
0.339118	55.8212
0.339881	54.9476
0.340653	54.2924
0.341416	53.4189
0.342179	52.5454
0.342942	51.6718
0.343705	50.7983
0.344468	49.9248
0.345231	49.0513
0.345994	48.1777
0.346733	46.6492
0.346766	47.5225
0.347496	45.7757
0.348259	44.9021
0.349023	44.0286
0.349753	42.2817
0.349786	43.1551
0.350516	41.4082
0.351279	40.5347
0.35201	38.7878
0.352043	39.6611
0.352773	37.9142
0.353536	37.0407
0.354275	35.5122
0.354299	36.1672
0.355038	34.6386
0.355801	33.7651
0.356532	32.0182
0.356565	32.8916
0.357295	31.1447
0.358026	29.3978
0.358058	30.2712
0.358789	28.5243
0.359552	27.6508
0.360315	26.7772
0.361086	26.122
0.36185	25.2485
0.362613	24.375
0.363376	23.5014
0.364139	22.6279
0.365698	21.7542
0.366461	20.8807
0.367224	20.0072
0.367995	19.352
0.368758	18.4784
0.369521	17.6049
0.37108	16.7312
0.371851	16.076
0.372614	15.2025
0.374173	14.3288
0.374936	13.4553
0.375699	12.5817
0.376462	11.7082
0.377233	11.053
0.377997	10.1795
0.37876	9.30595
0.379523	8.43242
0.380286	7.55889
0.381845	6.68519
0.382608	5.81166
0.383346	4.28311
0.383379	5.15647
0.38411	3.40958
0.384873	2.53605
0.385636	1.66252
0.386399	0.788996
0.387162	-0.0845332
0.387925	-0.958062
0.388688	-1.83159
0.38946	-2.48678
0.390223	-3.36031
0.390986	-4.23384
0.391749	-5.10737
0.39248	-6.85425
0.392512	-5.9809
0.393243	-7.72778
0.394006	-8.60131
0.394769	-9.47484
0.39554	-10.13
0.396303	-11.0036
0.397066	-11.8771
0.397829	-12.7506
0.398593	-13.6241
0.399356	-14.4977
0.400119	-15.3712
0.400882	-16.2447
0.401645	-17.1183
0.402416	-17.7735
0.403179	-18.647
0.403942	-19.5205
0.404706	-20.394
0.405436	-22.1409
0.405469	-21.2676
0.406199	-23.0145
0.407758	-23.8882
0.408529	-24.5433
0.409292	-25.4169
0.410056	-26.2904
0.410819	-27.1639
0.411582	-28.0375
0.412345	-28.911
0.413912	-29.5664
0.414675	-30.4399
0.415438	-31.3134
0.416201	-32.1869
0.41776	-33.0606
0.418531	-33.7158
0.420089	-34.5895
0.420853	-35.4631
0.422419	-36.1184
0.423182	-36.992
0.4263	-38.7394
0.427867	-39.3947
0.429425	-40.2684
0.430992	-40.9238
0.432551	-41.7975
0.434117	-42.4529
0.43648	-43.1084
0.438842	-43.7639
0.440409	-44.4193
0.443575	-44.8567
0.446749	-45.0757
0.449119	-45.5129
0.452301	-45.5136
0.455492	-45.296
0.45869	-44.86
0.461093	-44.4238
0.463504	-43.7693
0.465915	-43.1148
0.46753	-42.4602
0.469145	-41.8055
0.470769	-40.9325
0.472384	-40.2778
0.474	-39.6231
0.475623	-38.7501
0.476451	-37.877
0.478067	-37.2223
0.478894	-36.3491
0.480518	-35.4761
0.481346	-34.6029
0.482961	-33.9482
0.483789	-33.0751
0.485413	-32.2021
0.486241	-31.3289
0.487061	-30.674
0.488684	-29.801
0.489512	-28.9278
0.49034	-28.0547
0.491168	-27.1815
0.492783	-26.5268
0.493611	-25.6536
0.494439	-24.7804
0.495267	-23.9073
0.496891	-23.0343
0.497711	-22.3794
0.498539	-21.5062
0.499367	-20.633
0.50099	-19.76
0.501818	-18.8869
0.502638	-18.232
0.503466	-17.3588
0.505089	-16.4858
0.505917	-15.6126
0.506737	-14.9578
0.507565	-14.0846
0.509189	-13.2116
0.510017	-12.3384
0.510836	-11.6836
0.513288	-9.9374
0.514116	-9.06422
0.515739	-8.19121
0.516559	-7.53637
0.517387	-6.66318
0.518215	-5.79
0.519839	-4.917
0.520667	-4.04381
0.521486	-3.38897
0.52311	-2.51596
0.523938	-1.64278
0.524766	-0.7696
0.525586	-0.114757
0.527209	0.758251
0.528037	1.63143
0.528865	2.50461
0.530489	3.37762
0.531309	4.03247
0.532137	4.90565
0.532964	5.77883
0.534588	6.65184
0.535416	7.52502
0.536236	8.17986
0.537064	9.05304
0.537892	9.92622
0.53872	10.7994
0.539548	11.6726
0.540376	12.5458
0.541204	13.419
0.542023	14.0738
0.542851	14.947
0.543679	15.8202
0.544507	16.6933
0.545335	17.5665
0.546163	18.4397
0.546991	19.3129
0.547819	20.1861
0.548639	20.8409
0.549467	21.7141
0.550295	22.5873
0.551123	23.4605
0.551155	24.3338
0.551983	25.207
0.552811	26.0802
0.553639	26.9534
0.554467	27.8265
0.555295	28.6997
0.555328	29.5731
0.556156	30.4463
0.556975	31.1011
0.557803	31.9743
0.557836	32.8476
0.558664	33.7208
0.560336	35.9039
0.561164	36.777
0.561992	37.6502
0.56282	38.5234
0.562852	39.3968
0.56368	40.2699
0.5645	40.9248
0.565328	41.798
0.566156	42.6711
0.566984	43.5443
0.567016	44.4177
0.567844	45.2909
0.568672	46.164
0.5695	47.0372
0.570328	47.9104
0.571156	48.7836
0.571189	49.6569
0.572008	50.3118
0.572836	51.185
0.573664	52.0582
0.574492	52.9313
0.57532	53.8045
0.576944	54.6775
0.577772	55.5507
0.578592	56.2055
0.57942	57.0787
0.580247	57.9519
0.581871	58.8249
0.583486	59.4796
0.58511	60.3526
0.587513	60.7888
0.589916	61.2249
0.592278	60.5694
0.594648	60.1322
0.597002	59.2583
0.597774	58.6031
0.598537	57.7296
0.600095	56.8559
0.600859	55.9823
0.60163	55.3272
0.603188	54.4535
0.603952	53.5799
0.604715	52.7064
0.605478	51.8329
0.606208	50.086
0.606241	50.9593
0.60698	49.4308
0.607743	48.5573
0.608506	47.6837
0.609269	46.8102
0.610032	45.9367
0.610763	44.1898
0.610795	45.0631
0.611526	43.3163
0.612289	42.4427
0.61302	40.6958
0.613052	41.5692
0.613783	39.8223
0.614522	38.2938
0.614546	38.9488
0.615285	37.4202
0.616048	36.5467
0.616779	34.7998
0.616811	35.6732
0.617542	33.9263
0.618305	33.0528
0.619068	32.1792
0.619799	30.4324
0.619831	31.3057
0.620562	29.5588
0.621325	28.6853
0.622088	27.8118
0.622827	26.2832
0.622859	27.1566
0.62359	25.4097
0.624353	24.5362
0.625912	23.6625
0.626675	22.7889
0.627438	21.9154
0.628201	21.0419
0.628972	20.3867
0.629735	19.5132
0.630498	18.6396
0.632057	17.7659
0.632828	17.1107
0.633591	16.2372
0.63515	15.3635
0.635913	14.49
0.636676	13.6164
0.637439	12.7429
0.638211	12.0877
0.639769	11.214
0.640532	10.3405
0.641296	9.46697
0.642059	8.59344
0.64283	7.93825
0.643593	7.06472
0.644356	6.19119
0.645119	5.31766
0.645882	4.44413
0.646645	3.5706
0.647409	2.69707
0.648172	1.82354
0.648935	0.950014
0.649706	0.294824
0.650469	-0.578705
0.651232	-1.45223
0.651963	-3.19912
0.651995	-2.32576
0.652726	-4.07265
0.653489	-4.94618
0.654252	-5.81971
0.655015	-6.69323
0.655778	-7.56676
0.65655	-8.22195
0.65728	-9.96884
0.657313	-9.09548
0.658044	-10.8424
0.658807	-11.7159
0.65957	-12.5894
0.660333	-13.463
0.661096	-14.3365
0.661859	-15.21
0.66263	-15.8652
0.663393	-16.7387
0.664157	-17.6123
0.66492	-18.4858
0.665683	-19.3593
0.666446	-20.2328
0.667209	-21.1064
0.667972	-21.9799
0.668743	-22.6351
0.67027	-24.3822
0.671033	-25.2557
0.671796	-26.1292
0.672567	-26.7844
0.674126	-27.6581
0.674889	-28.5316
0.675652	-29.4052
0.676415	-30.2787
0.677178	-31.1522
0.678745	-31.8076
0.679508	-32.6811
0.681067	-33.5548
0.68183	-34.4283
0.683397	-35.0837
0.68416	-35.9572
0.685718	-36.8309
0.68649	-37.4861
0.688048	-38.3598
0.689607	-39.2335
0.691174	-39.8889
0.69274	-40.5443
0.694299	-41.418
0.695866	-42.0733
0.697433	-42.7287
0.699787	-43.6026
0.701362	-44.0396
0.704519	-44.6953
0.70689	-45.1325
0.710064	-45.3515
0.713238	-45.5706
0.716428	-45.3529
0.718823	-45.1351
0.722021	-44.6991
0.724424	-44.263
0.726039	-43.6083
0.72845	-42.9538
0.730066	-42.2991
0.731689	-41.4261
0.733305	-40.7715
0.734928	-39.8985
0.736544	-39.2438
0.738167	-38.3708
0.738995	-37.4976
0.74061	-36.8429
0.741438	-35.9697
0.743062	-35.0967
0.743882	-34.4419
0.745505	-33.5689
0.746333	-32.6957
0.747153	-32.0409
0.748777	-31.1679
0.749605	-30.2947
0.750433	-29.4215
0.75126	-28.5483
0.752884	-27.6753
0.753704	-27.0205
0.754532	-26.1473
0.75536	-25.2741
0.756983	-24.4011
0.757811	-23.5279
0.758631	-22.8731
0.759459	-21.9999
0.761083	-21.1269
0.76191	-20.2537
0.762738	-19.3805
0.763558	-18.7257
0.765182	-17.8527
0.76601	-16.9795
0.766838	-16.1063
0.767666	-15.2331
0.768486	-14.5783
0.770109	-13.7053
0.770937	-12.8321
0.771765	-11.9589
0.77338	-11.3042
0.774208	-10.431
0.775036	-9.55787
0.77666	-8.68486
0.778308	-7.15684
0.779136	-6.28365
0.779964	-5.41047
0.781579	-4.7558
0.782407	-3.88262
0.783235	-3.00944
0.784858	-2.13643
0.785686	-1.26325
0.786506	-0.608407
0.78813	0.264601
0.788958	1.13778
0.789786	2.01096
0.791401	2.66563
0.792229	3.53881
0.793057	4.412
0.793885	5.28518
0.795508	6.15819
0.796328	6.81303
0.797156	7.68621
0.797984	8.55939
0.798812	9.43257
0.79964	10.3058
0.800468	11.1789
0.802083	11.8336
0.802911	12.7068
0.803739	13.58
0.805395	15.3263
0.806223	16.1995
0.807051	17.0727
0.807879	17.9459
0.807912	18.8192
0.80874	19.6924
0.809559	20.3473
0.810387	21.2204
0.811215	22.0936
0.812043	22.9668
0.812871	23.84
0.813699	24.7132
0.813732	25.5865
0.81456	26.4597
0.815388	27.3329
0.816216	28.2061
0.817035	28.8609
0.817863	29.7341
0.817896	30.6074
0.818724	31.4806
0.819552	32.3538
0.82038	33.227
0.820412	34.1003
0.82124	34.9735
0.822068	35.8467
0.8221	36.7201
0.822928	37.5932
0.823756	38.4664
0.824584	39.3396
0.825412	40.2128
0.825437	40.8678
0.826265	41.741
0.827093	42.6142
0.827921	43.4874
0.828748	44.3605
0.828781	45.2339
0.829609	46.1071
0.830437	46.9803
0.831265	47.8534
0.832093	48.7266
0.832125	49.6
0.832953	50.4732
0.833773	51.128
0.834601	52.0012
0.835429	52.8744
0.837052	53.7474
0.83788	54.6206
0.838708	55.4937
0.839528	56.1486
0.840356	57.0218
0.841184	57.8949
0.842808	58.7679
0.843627	59.4228
0.846038	60.0773
0.848449	60.7318
0.850852	61.1679
0.854026	60.9489
0.855593	60.2935
0.85716	59.6382
0.858718	58.7645
0.860277	57.8908
0.86104	57.0172
0.861811	56.362
0.862574	55.4885
0.863338	54.615
0.864896	53.7413
0.865659	52.8678
0.866431	52.2126
0.867161	50.4657
0.867194	51.339
0.867924	49.5922
0.868688	48.7186
0.869451	47.8451
0.870214	46.9716
0.870944	45.2247
0.870977	46.098
0.871708	44.3512
0.872471	43.4776
0.873234	42.6041
0.874005	41.9489
0.874736	40.202
0.874768	41.0754
0.875499	39.3285
0.876262	38.455
0.876993	36.7081
0.877025	37.5814
0.877756	35.8346
0.878519	34.961
0.87925	33.2141
0.879282	34.0875
0.880013	32.3406
0.880776	31.4671
0.881547	30.8119
0.882278	29.065
0.88231	29.9384
0.883041	28.1915
0.883804	27.3179
0.884567	26.4444
0.88533	25.5709
0.886093	24.6974
0.886856	23.8238
0.887619	22.9503
0.888391	22.2951
0.889154	21.4216
0.889917	20.5481
0.891476	19.6744
0.892239	18.8008
0.89301	18.1456
0.893773	17.2721
0.895332	16.3984
0.896095	15.5249
0.896858	14.6513
0.897629	13.9962
0.898392	13.1226
0.899951	12.2489
0.900714	11.3754
0.901477	10.5019
0.90224	9.62833
0.903011	8.97314
0.903775	8.09961
0.904538	7.22608
0.905301	6.35255
0.906064	5.47903
0.906827	4.6055
0.90759	3.73197
0.908353	2.85844
0.909116	1.98491
0.909855	0.456363
0.909888	1.32972
0.910618	-0.417166
0.911381	-1.29069
0.912145	-2.16422
0.912908	-3.03775
0.913671	-3.91128
0.914434	-4.78481
0.915165	-6.5317
0.915197	-5.65834
0.915936	-7.18689
0.916699	-8.06041
0.917462	-8.93394
0.918225	-9.80747
0.918988	-10.681
0.919751	-11.5545
0.920482	-13.3014
0.920514	-12.4281
0.921245	-14.1749
0.922008	-15.0485
0.922779	-15.7037
0.923543	-16.5772
0.924306	-17.4507
0.925069	-18.3243
0.925832	-19.1978
0.926595	-20.0713
0.927358	-20.9448
0.928121	-21.8184
0.928893	-22.4736
0.929656	-23.3471
0.930419	-24.2206
0.931977	-25.0943
0.932741	-25.9678
0.933504	-26.8414
0.934267	-27.7149
0.935038	-28.3701
0.935801	-29.2436
0.936564	-30.1172
0.937327	-30.9907
0.93809	-31.8642
0.939657	-32.5196
0.94042	-33.3931
0.941979	-34.2668
0.942742	-35.1403
0.943513	-35.7955
0.945072	-36.6692
0.946631	-37.5429
0.948197	-38.1983
0.949756	-39.072
0.950527	-39.7272
0.952086	-40.6009
0.953653	-41.2563
0.956015	-41.9118
0.957574	-42.7855
0.959936	-43.441
0.961503	-44.0964
0.963865	-44.7519
0.967039	-44.971
0.969409	-45.4082
0.972583	-45.6272
0.975774	-45.4096
0.978956	-45.4103
0.981367	-44.7558
0.98377	-44.3196
0.986181	-43.6651
0.988591	-43.0106
0.990207	-42.3559
0.99183	-41.4829
0.993446	-40.8283
0.995069	-39.9553
0.996685	-39.3006
0.997513	-38.4274
